1403636581,-0.01127,0.01323,-0.01032,0.82282,0.02867,0.56731,-0.01741,
1403636581,-0.01072,0.01428,0.02579,0.81861,0.02953,0.57334,-0.01685,
1403636581,-0.01052,0.01524,0.05969,0.81459,0.02938,0.57901,-0.01828,
1403636581,-0.01040,0.01521,0.09148,0.81064,0.02828,0.58455,-0.01882,
1403636581,-0.01062,0.01461,0.12055,0.80604,0.02544,0.59095,-0.02057,
1403636581,-0.01151,0.01278,0.14645,0.80124,0.02365,0.59747,-0.02198,
1403636581,-0.01310,0.01070,0.16877,0.79591,0.02163,0.60454,-0.02419,
1403636581,-0.02070,0.00695,0.19424,0.78795,0.02198,0.61487,-0.02429,
1403636582,-0.03133,0.00056,0.16269,0.79225,0.02572,0.60945,-0.01583,
1403636582,-0.02954,0.00093,0.13330,0.79671,0.02406,0.60369,-0.01517,
1403636582,-0.02604,0.00061,0.10070,0.80132,0.02371,0.59754,-0.01636,
1403636582,-0.02174,0.00039,0.06770,0.80510,0.02217,0.59245,-0.01794,
1403636582,-0.01822,-0.00221,0.00438,0.80937,0.02328,0.58652,-0.01935,
1403636582,-0.01712,-0.00223,-0.02616,0.81084,0.02495,0.58434,-0.02147,
1403636582,-0.01714,-0.00377,-0.05778,0.81266,0.02551,0.58172,-0.02320,
1403636582,-0.01945,-0.00391,-0.08950,0.81575,0.02483,0.57729,-0.02582,
1403636582,-0.02185,-0.00419,-0.12071,0.81992,0.02274,0.57150,-0.02460,
1403636582,-0.02298,-0.00353,-0.15015,0.82480,0.02025,0.56458,-0.02328,
1403636582,-0.02457,-0.00277,-0.17644,0.82988,0.01954,0.55720,-0.02111,
1403636582,-0.02568,-0.00148,-0.19787,0.83478,0.02035,0.54983,-0.02036,
1403636582,-0.02670,0.00065,-0.21303,0.83887,0.02077,0.54351,-0.02160,
1403636582,-0.02769,0.00229,-0.22064,0.84205,0.02221,0.53848,-0.02241,
1403636582,-0.02546,0.00674,-0.19151,0.84318,0.02365,0.53650,-0.02539,
1403636582,-0.02428,0.00852,-0.16678,0.83971,0.02370,0.54191,-0.02590,
1403636582,-0.02282,0.00995,-0.13836,0.83546,0.02307,0.54843,-0.02629,
1403636583,-0.02089,0.01084,-0.10730,0.83182,0.02370,0.55402,-0.02412,
1403636583,-0.01916,0.01152,-0.07469,0.82902,0.02280,0.55831,-0.02251,
1403636583,-0.01768,0.01147,-0.04137,0.82727,0.02284,0.56102,-0.01890,
1403636583,-0.01660,0.01112,-0.00778,0.82595,0.02135,0.56309,-0.01666,
1403636583,-0.01558,0.01034,0.02508,0.82464,0.02013,0.56507,-0.01618,
1403636583,-0.01371,0.00886,0.05813,0.82275,0.01734,0.56792,-0.01575,
1403636583,-0.01178,0.00675,0.09038,0.82005,0.01335,0.57194,-0.01480,
1403636583,-0.00969,0.00420,0.12285,0.81629,0.00866,0.57744,-0.01276,
1403636583,-0.00873,0.00199,0.15284,0.81158,0.00461,0.58410,-0.01199,
1403636583,-0.00845,-0.00011,0.17952,0.80656,0.00323,0.59104,-0.01107,
1403636583,-0.00914,-0.00163,0.20025,0.80163,0.00177,0.59773,-0.01011,
1403636583,-0.01096,-0.00391,0.21934,0.79704,0.00306,0.60386,-0.00841,
1403636583,-0.01306,-0.00632,0.16481,0.80014,0.00696,0.59975,-0.00523,
1403636583,-0.01252,-0.00861,0.10689,0.80301,0.00888,0.59584,-0.00800,
1403636584,-0.01408,-0.01091,0.03938,0.80686,0.01346,0.59050,-0.00961,
1403636584,-0.01254,-0.01286,0.00422,0.80952,0.01549,0.58682,-0.00894,
1403636584,-0.01169,-0.01337,-0.03169,0.81282,0.01545,0.58227,-0.00597,
1403636584,-0.01185,-0.01292,-0.06727,0.81771,0.01610,0.57533,-0.00925,
1403636584,-0.01225,-0.01227,-0.10087,0.82387,0.01435,0.56645,-0.01277,
1403636584,-0.01305,-0.01183,-0.13182,0.83042,0.01286,0.55674,-0.01665,
1403636584,-0.01450,-0.01162,-0.15988,0.83611,0.01126,0.54814,-0.01854,
1403636584,-0.01612,-0.01137,-0.18494,0.84027,0.01135,0.54173,-0.01868,
1403636584,-0.01787,-0.01139,-0.20638,0.84305,0.01373,0.53741,-0.01643,
1403636584,-0.02004,-0.01106,-0.22296,0.84465,0.01745,0.53479,-0.01588,
1403636584,-0.02237,-0.00999,-0.23381,0.84529,0.02065,0.53363,-0.01741,
1403636584,-0.02462,-0.00715,-0.23547,0.84506,0.02533,0.53359,-0.02285,
1403636584,-0.02214,-0.00520,-0.20793,0.84487,0.02791,0.53367,-0.02466,
1403636584,-0.02037,-0.00430,-0.18519,0.84403,0.02797,0.53498,-0.02496,
1403636584,-0.01805,-0.00346,-0.15876,0.84288,0.02809,0.53679,-0.02492,
1403636584,-0.01103,-0.00356,-0.09589,0.84081,0.02930,0.54022,-0.01834,
1403636584,-0.00671,-0.00408,-0.06098,0.83896,0.02949,0.54321,-0.01432,
1403636585,0.00127,-0.00415,0.01220,0.83249,0.02742,0.55323,-0.01187,
1403636585,0.00486,-0.00404,0.04950,0.82765,0.02511,0.56058,-0.01067,
1403636585,0.00767,-0.00392,0.08554,0.82186,0.02167,0.56921,-0.00873,
1403636585,0.00928,-0.00372,0.11998,0.81560,0.01950,0.57824,-0.00673,
1403636585,0.01013,-0.00347,0.15131,0.80982,0.01654,0.58642,-0.00440,
1403636585,0.01011,-0.00310,0.18002,0.80494,0.01531,0.59314,-0.00345,
1403636585,0.00775,-0.00137,0.22248,0.79818,0.01173,0.60228,-0.00622,
1403636585,0.00701,-0.00054,0.20939,0.80127,0.00286,0.59827,-0.00565,
1403636585,0.00941,-0.00385,0.16639,0.80516,0.00292,0.59305,0.00088,
1403636585,0.01122,-0.00852,0.11414,0.80868,0.00734,0.58815,0.00779,
1403636585,0.01128,-0.01173,0.05933,0.81349,0.01288,0.58139,0.00754,
1403636586,0.01033,-0.01319,0.03253,0.81658,0.01599,0.57699,0.00585,
1403636586,0.00287,-0.01466,-0.01426,0.82332,0.02462,0.56702,-0.00465,
1403636586,-0.00826,-0.01505,-0.04676,0.83114,0.02912,0.55500,-0.01821,
1403636586,-0.01367,-0.01550,-0.05675,0.83545,0.02951,0.54827,-0.02333,
1403636586,-0.01897,-0.01536,-0.06305,0.83977,0.02920,0.54136,-0.02935,
1403636586,-0.02865,-0.01532,-0.06665,0.84961,0.02838,0.52527,-0.03794,
1403636586,-0.03257,-0.01556,-0.06633,0.85524,0.02673,0.51608,-0.03888,
1403636586,-0.03864,-0.01589,-0.06399,0.86798,0.01958,0.49520,-0.03169,
1403636586,-0.04461,-0.01325,-0.05915,0.87814,0.01037,0.47769,-0.02400,
1403636586,-0.05228,-0.00940,-0.05431,0.88676,0.00622,0.46159,-0.02343,
1403636586,-0.05673,-0.00834,-0.05247,0.89136,0.00393,0.45263,-0.02417,
1403636586,-0.06188,-0.00802,-0.05119,0.89604,0.00208,0.44329,-0.02463,
1403636586,-0.07329,-0.00899,-0.04927,0.90478,0.00001,0.42511,-0.02566,
1403636587,-0.07858,-0.01093,-0.04807,0.90838,0.00105,0.41737,-0.02537,
1403636587,-0.08509,-0.01727,-0.04402,0.91269,0.00419,0.40773,-0.02721,
1403636587,-0.08420,-0.03097,-0.03826,0.91027,0.00488,0.41275,-0.03189,
1403636587,-0.07956,-0.03898,-0.03734,0.90687,0.00719,0.41992,-0.03476,
1403636587,-0.07153,-0.04222,-0.03823,0.90413,0.01608,0.42532,-0.03730,
1403636587,-0.05529,-0.05540,-0.03883,0.90773,0.02259,0.41719,-0.03834,
1403636587,-0.04657,-0.07192,-0.03980,0.90852,0.02015,0.41560,-0.03825,
1403636587,-0.03744,-0.09504,-0.04081,0.90952,0.01655,0.41350,-0.03888,
1403636588,-0.03321,-0.10905,-0.04127,0.91003,0.01448,0.41239,-0.03967,
1403636588,-0.02914,-0.12494,-0.04152,0.91033,0.01263,0.41173,-0.04016,
1403636588,-0.02495,-0.14199,-0.04147,0.91021,0.01005,0.41210,-0.03987,
1403636588,-0.02062,-0.15981,-0.04096,0.90934,0.00725,0.41412,-0.03947,
1403636588,-0.01598,-0.17832,-0.04012,0.90797,0.00369,0.41722,-0.03871,
1403636588,-0.01147,-0.19697,-0.03924,0.90641,-0.00056,0.42068,-0.03797,
1403636588,-0.00720,-0.21586,-0.03877,0.90529,-0.00431,0.42322,-0.03628,
1403636588,0.00017,-0.25283,-0.04057,0.90551,-0.01084,0.42289,-0.03307,
1403636588,0.00290,-0.27028,-0.04254,0.90713,-0.01401,0.41955,-0.02985,
1403636588,0.00520,-0.28681,-0.04468,0.90948,-0.01687,0.41461,-0.02561,
1403636588,0.00732,-0.30116,-0.04735,0.91149,-0.02065,0.41013,-0.02339,
1403636588,0.00933,-0.31360,-0.05017,0.91288,-0.02214,0.40696,-0.02328,
1403636588,0.01269,-0.33371,-0.05524,0.91383,-0.02156,0.40486,-0.02311,
1403636589,0.00573,-0.31931,-0.05574,0.91085,-0.02103,0.41124,-0.02811,
1403636589,0.00197,-0.30758,-0.05455,0.91104,-0.02018,0.41071,-0.03020,
1403636589,-0.00204,-0.29457,-0.05383,0.91164,-0.01760,0.40939,-0.03169,
1403636589,-0.00594,-0.28026,-0.05334,0.91228,-0.01562,0.40792,-0.03324,
1403636589,-0.00980,-0.26431,-0.05292,0.91261,-0.01400,0.40707,-0.03523,
1403636589,-0.01388,-0.24661,-0.05193,0.91253,-0.01219,0.40709,-0.03766,
1403636589,-0.01835,-0.22778,-0.05041,0.91219,-0.00972,0.40775,-0.03950,
1403636589,-0.02312,-0.20788,-0.04835,0.91137,-0.00703,0.40944,-0.04148,
1403636589,-0.02833,-0.18717,-0.04573,0.91021,-0.00406,0.41183,-0.04365,
1403636589,-0.03350,-0.16595,-0.04258,0.90899,-0.00060,0.41435,-0.04529,
1403636589,-0.03854,-0.14407,-0.03913,0.90787,0.00164,0.41663,-0.04679,
1403636589,-0.04347,-0.12164,-0.03576,0.90725,0.00361,0.41781,-0.04813,
1403636589,-0.04870,-0.09847,-0.03294,0.90726,0.00576,0.41762,-0.04931,
1403636589,-0.05382,-0.07505,-0.03070,0.90773,0.00908,0.41640,-0.05045,
1403636589,-0.05894,-0.05155,-0.02956,0.90858,0.01183,0.41431,-0.05190,
1403636589,-0.06365,-0.02799,-0.02862,0.90928,0.01512,0.41258,-0.05248,
1403636589,-0.06850,-0.00456,-0.02769,0.90940,0.01758,0.41223,-0.05245,
1403636590,-0.07868,0.04258,-0.02688,0.90834,0.02025,0.41414,-0.05473,
1403636590,-0.08374,0.06581,-0.02666,0.90770,0.02191,0.41539,-0.05522,
1403636590,-0.08872,0.08894,-0.02654,0.90708,0.02371,0.41653,-0.05606,
1403636590,-0.09858,0.13402,-0.02753,0.90672,0.02757,0.41658,-0.05967,
1403636590,-0.10310,0.15509,-0.02891,0.90734,0.03069,0.41459,-0.06246,
1403636590,-0.10723,0.17438,-0.03069,0.90850,0.03408,0.41140,-0.06495,
1403636590,-0.11434,0.20851,-0.03472,0.91002,0.03995,0.40629,-0.07204,
1403636590,-0.11754,0.22317,-0.03619,0.90953,0.04256,0.40643,-0.07593,
1403636590,-0.12224,0.24509,-0.03585,0.90645,0.04673,0.41181,-0.08109,
1403636590,-0.12540,0.25587,-0.03407,0.90369,0.04924,0.41678,-0.08488,
1403636590,-0.12790,0.23900,-0.03002,0.90490,0.04904,0.41538,-0.07883,
1403636591,-0.12705,0.21289,-0.02715,0.90481,0.04588,0.41706,-0.07266,
1403636591,-0.12478,0.17854,-0.02402,0.90386,0.04293,0.42033,-0.06718,
1403636591,-0.12282,0.15935,-0.02315,0.90368,0.04085,0.42130,-0.06476,
1403636591,-0.11731,0.11777,-0.02321,0.90481,0.03608,0.41984,-0.06122,
1403636591,-0.11369,0.09585,-0.02429,0.90604,0.03408,0.41730,-0.06159,
1403636591,-0.10502,0.04991,-0.02780,0.90867,0.03002,0.41191,-0.06128,
1403636591,-0.10027,0.02612,-0.02965,0.90927,0.02883,0.41081,-0.06022,
1403636591,-0.09510,0.00282,-0.03160,0.90930,0.02844,0.41078,-0.06025,
1403636591,-0.08416,-0.04215,-0.03490,0.90859,0.02812,0.41196,-0.06290,
1403636591,-0.07874,-0.06358,-0.03642,0.90860,0.02669,0.41190,-0.06385,
1403636591,-0.06840,-0.10274,-0.04032,0.90951,0.02427,0.41006,-0.06368,
1403636591,-0.05965,-0.13476,-0.04646,0.91087,0.02083,0.40762,-0.06113,
1403636591,-0.05580,-0.14749,-0.05037,0.91121,0.01873,0.40711,-0.06010,
1403636592,-0.04777,-0.16725,-0.05912,0.91097,0.01523,0.40808,-0.05801,
1403636592,-0.04331,-0.17547,-0.06338,0.90966,0.01116,0.41169,-0.05385,
1403636592,-0.03863,-0.18250,-0.06747,0.90731,0.00542,0.41766,-0.04824,
1403636592,-0.03402,-0.18778,-0.07089,0.90351,0.00066,0.42636,-0.04344,
1403636592,-0.03010,-0.19153,-0.07337,0.89906,-0.00235,0.43608,-0.03908,
1403636592,-0.02641,-0.19458,-0.07457,0.89449,-0.00513,0.44574,-0.03432,
1403636592,-0.02275,-0.19730,-0.07463,0.88970,-0.00874,0.45549,-0.02976,
1403636592,-0.01942,-0.19954,-0.07440,0.88569,-0.01228,0.46336,-0.02633,
1403636592,-0.01571,-0.20204,-0.07389,0.88319,-0.01641,0.46815,-0.02338,
1403636592,-0.00624,-0.20848,-0.07433,0.88471,-0.02639,0.46494,-0.02058,
1403636592,0.01047,-0.21884,-0.07603,0.88792,-0.03864,0.45807,-0.01650,
1403636592,0.03212,-0.23032,-0.07853,0.89175,-0.04804,0.44979,-0.01311,
1403636592,0.05790,-0.23887,-0.08004,0.89555,-0.05040,0.44193,-0.01258,
1403636592,0.08779,-0.23961,-0.08082,0.89827,-0.04912,0.43627,-0.01898,
1403636592,0.10392,-0.23645,-0.08032,0.89847,-0.04561,0.43605,-0.02295,
1403636593,0.12039,-0.23069,-0.07936,0.89741,-0.03987,0.43853,-0.02751,
1403636593,0.13648,-0.22243,-0.07849,0.89543,-0.03293,0.44286,-0.03174,
1403636593,0.15220,-0.21189,-0.07798,0.89315,-0.02438,0.44764,-0.03619,
1403636593,0.16699,-0.19922,-0.07809,0.89129,-0.01540,0.45143,-0.03975,
1403636593,0.18089,-0.18429,-0.07825,0.89003,-0.00619,0.45371,-0.04431,
1403636593,0.19297,-0.16655,-0.07862,0.88937,0.00412,0.45436,-0.05071,
1403636593,0.20290,-0.14583,-0.07854,0.88900,0.01467,0.45384,-0.05911,
1403636593,0.20959,-0.12185,-0.07930,0.88905,0.02579,0.45179,-0.06936,
1403636593,0.21260,-0.09590,-0.08033,0.88936,0.03725,0.44884,-0.07876,
1403636593,0.21162,-0.06826,-0.08088,0.88964,0.04845,0.44547,-0.08797,
1403636593,0.20622,-0.03891,-0.08129,0.88966,0.06005,0.44206,-0.09741,
1403636593,0.19703,-0.00886,-0.08109,0.88942,0.07147,0.43885,-0.10594,
1403636593,0.18404,0.02116,-0.08028,0.88866,0.08330,0.43651,-0.11310,
1403636593,0.16705,0.05097,-0.07900,0.88753,0.09278,0.43444,-0.12227,
1403636593,0.14737,0.07962,-0.07715,0.88631,0.09943,0.43279,-0.13138,
1403636593,0.12477,0.10633,-0.07520,0.88503,0.10498,0.43096,-0.14131,
1403636593,0.10083,0.12953,-0.07354,0.88480,0.10948,0.42822,-0.14751,
1403636593,0.07584,0.14811,-0.07250,0.88513,0.11326,0.42562,-0.15024,
1403636593,0.05002,0.16228,-0.07249,0.88566,0.11523,0.42348,-0.15163,
1403636594,-0.00182,0.17519,-0.07513,0.88775,0.11392,0.42098,-0.14729,
1403636594,-0.05068,0.17099,-0.08109,0.89216,0.10310,0.41623,-0.14202,
1403636594,-0.09447,0.15009,-0.08820,0.89878,0.08442,0.40891,-0.13368,
1403636594,-0.13183,0.11419,-0.09411,0.90441,0.05628,0.40642,-0.11704,
1403636594,-0.14749,0.09194,-0.09591,0.90538,0.03902,0.40907,-0.10687,
1403636594,-0.16089,0.06758,-0.09682,0.90511,0.02112,0.41374,-0.09564,
1403636594,-0.17188,0.04137,-0.09712,0.90396,0.00330,0.41941,-0.08327,
1403636594,-0.18009,0.01385,-0.09663,0.90244,-0.01363,0.42484,-0.07023,
1403636594,-0.18494,-0.01425,-0.09604,0.90106,-0.03038,0.42886,-0.05704,
1403636594,-0.18632,-0.04252,-0.09565,0.90006,-0.04608,0.43090,-0.04569,
1403636594,-0.18357,-0.07105,-0.09592,0.89967,-0.06065,0.43088,-0.03536,
1403636594,-0.17677,-0.09949,-0.09667,0.89961,-0.07221,0.42991,-0.02573,
1403636594,-0.16571,-0.12783,-0.09779,0.89955,-0.08129,0.42885,-0.01694,
1403636594,-0.15048,-0.15576,-0.09867,0.89944,-0.08731,0.42815,-0.00892,
1403636594,-0.10969,-0.20931,-0.09999,0.89766,-0.09373,0.43057,0.00518,
1403636594,-0.08488,-0.23327,-0.10070,0.89573,-0.09363,0.43451,0.01072,
1403636595,-0.05821,-0.25433,-0.10159,0.89330,-0.09227,0.43965,0.01424,
1403636595,-0.03081,-0.27087,-0.10239,0.89053,-0.09290,0.44509,0.01476,
1403636595,-0.00405,-0.28249,-0.10324,0.88840,-0.09270,0.44940,0.01397,
1403636595,0.02154,-0.28825,-0.10383,0.88664,-0.09304,0.45284,0.01219,
1403636595,0.04538,-0.28763,-0.10433,0.88568,-0.09049,0.45528,0.01022,
1403636595,0.06745,-0.28037,-0.10528,0.88511,-0.08556,0.45741,0.00629,
1403636595,0.08725,-0.26618,-0.10705,0.88474,-0.07675,0.45973,0.00084,
1403636595,0.10525,-0.24571,-0.10892,0.88435,-0.06638,0.46205,-0.00539,
1403636595,0.11984,-0.21913,-0.11050,0.88382,-0.05261,0.46471,-0.01210,
1403636595,0.13074,-0.18733,-0.11192,0.88342,-0.03655,0.46672,-0.02016,
1403636595,0.13745,-0.15103,-0.11319,0.88285,-0.01930,0.46815,-0.03220,
1403636595,0.14018,-0.11216,-0.11458,0.88283,-0.00095,0.46766,-0.04364,
1403636595,0.13954,-0.07248,-0.11622,0.88320,0.01633,0.46535,-0.05599,
1403636595,0.13574,-0.03342,-0.11778,0.88353,0.03233,0.46233,-0.06771,
1403636595,0.12862,0.00364,-0.11910,0.88371,0.04642,0.45875,-0.08030,
1403636595,0.11872,0.03711,-0.12016,0.88354,0.05982,0.45534,-0.09185,
1403636595,0.10616,0.06594,-0.12113,0.88338,0.07159,0.45188,-0.10154,
1403636595,0.09155,0.08917,-0.12170,0.88305,0.08140,0.44929,-0.10831,
1403636595,0.07603,0.10611,-0.12234,0.88285,0.08736,0.44730,-0.11340,
1403636596,0.04338,0.11882,-0.12310,0.88354,0.09334,0.44344,-0.11833,
1403636596,0.01136,0.10356,-0.12500,0.88557,0.09569,0.43902,-0.11775,
1403636596,-0.01759,0.06505,-0.12877,0.88847,0.08912,0.43681,-0.10900,
1403636596,-0.04294,0.01054,-0.13418,0.89123,0.07416,0.43845,-0.08928,
1403636596,-0.05488,-0.01976,-0.13707,0.89244,0.06393,0.43980,-0.07775,
1403636596,-0.06651,-0.05012,-0.14014,0.89383,0.05135,0.44036,-0.06723,
1403636596,-0.07861,-0.07916,-0.14278,0.89538,0.03885,0.43994,-0.05686,
1403636596,-0.09223,-0.10565,-0.14489,0.89726,0.02690,0.43824,-0.04637,
1403636596,-0.10727,-0.12803,-0.14641,0.89891,0.01422,0.43634,-0.03698,
1403636596,-0.12360,-0.14472,-0.14741,0.90024,0.00272,0.43437,-0.02955,
1403636596,-0.14052,-0.15449,-0.14731,0.90100,-0.00631,0.43306,-0.02483,
1403636596,-0.15782,-0.15719,-0.14573,0.90094,-0.01275,0.43318,-0.02230,
1403636596,-0.19483,-0.14228,-0.13780,0.89961,-0.02089,0.43559,-0.02303,
1403636596,-0.23704,-0.11162,-0.12508,0.89741,-0.02227,0.44010,-0.02162,
1403636596,-0.25877,-0.09400,-0.11849,0.89605,-0.02016,0.44298,-0.02115,
1403636597,-0.29705,-0.05989,-0.10710,0.89384,-0.01329,0.44773,-0.02025,
1403636597,-0.32451,-0.03152,-0.09992,0.89439,-0.01080,0.44675,-0.01927,
1403636597,-0.33532,-0.01395,-0.09796,0.89492,-0.00663,0.44577,-0.01927,
1403636597,-0.32350,-0.00900,-0.09970,0.89238,-0.00221,0.45097,-0.01664,
1403636597,-0.30904,-0.01018,-0.10115,0.89108,-0.00093,0.45359,-0.01508,
1403636597,-0.26475,-0.01782,-0.10456,0.89213,0.00097,0.45165,-0.01098,
1403636597,-0.20595,-0.02870,-0.10934,0.89721,0.00346,0.44142,-0.01223,
1403636597,-0.17307,-0.03428,-0.11078,0.89941,0.00793,0.43678,-0.01501,
1403636597,-0.10250,-0.04469,-0.10918,0.90072,0.01982,0.43335,-0.02263,
1403636597,-0.06659,-0.04850,-0.10726,0.89987,0.02735,0.43450,-0.02632,
1403636597,-0.03070,-0.05053,-0.10482,0.89851,0.03426,0.43650,-0.03138,
1403636597,0.00388,-0.05132,-0.10302,0.89709,0.04280,0.43840,-0.03468,
1403636597,0.03625,-0.05003,-0.10168,0.89567,0.05116,0.44002,-0.03918,
1403636598,0.06479,-0.04680,-0.10095,0.89397,0.06116,0.44176,-0.04382,
1403636598,0.08844,-0.04095,-0.10114,0.89183,0.06976,0.44400,-0.05137,
1403636598,0.10616,-0.03287,-0.10174,0.88906,0.07786,0.44702,-0.06067,
1403636598,0.12206,-0.01138,-0.10403,0.88277,0.09300,0.45363,-0.07924,
1403636598,0.11313,0.01210,-0.10570,0.87695,0.10544,0.45999,-0.09089,
1403636598,0.08491,0.02972,-0.10706,0.87319,0.11712,0.46359,-0.09438,
1403636598,0.06605,0.03558,-0.10811,0.87276,0.12211,0.46316,-0.09417,
1403636598,0.02245,0.04215,-0.11172,0.87502,0.12732,0.45763,-0.09328,
1403636598,-0.00054,0.04286,-0.11480,0.87780,0.12735,0.45219,-0.09368,
1403636598,-0.02281,0.04147,-0.11859,0.88154,0.12707,0.44533,-0.09174,
1403636598,-0.06050,0.03419,-0.13000,0.89052,0.12679,0.42865,-0.08457,
1403636598,-0.07379,0.02916,-0.13681,0.89405,0.12549,0.42233,-0.08102,
1403636598,-0.08220,0.02333,-0.14353,0.89634,0.12518,0.41853,-0.07580,
1403636598,-0.08552,0.01750,-0.15094,0.89768,0.12320,0.41698,-0.07155,
1403636599,-0.07673,0.00663,-0.16582,0.89659,0.12287,0.41997,-0.06815,
1403636599,-0.05060,-0.00161,-0.17908,0.89054,0.12573,0.43090,-0.07384,
1403636599,-0.01510,-0.00718,-0.19347,0.88150,0.13075,0.44586,-0.08414,
1403636599,0.00305,-0.00913,-0.20235,0.87562,0.13382,0.45509,-0.09092,
1403636599,0.03718,-0.01292,-0.22364,0.86350,0.13590,0.47486,-0.10200,
1403636599,0.06714,-0.01669,-0.24773,0.85364,0.13451,0.49205,-0.10536,
1403636599,0.08999,-0.01884,-0.26978,0.84500,0.13414,0.50590,-0.10980,
1403636599,0.10653,-0.01969,-0.28482,0.83262,0.13337,0.52364,-0.12145,
1403636599,0.11407,-0.01990,-0.28988,0.82385,0.13251,0.53717,-0.12314,
1403636599,0.12122,-0.01971,-0.29432,0.81527,0.12945,0.55016,-0.12613,
1403636599,0.12747,-0.01958,-0.29851,0.80785,0.12666,0.56112,-0.12837,
1403636599,0.13837,-0.01931,-0.30795,0.79957,0.12290,0.57415,-0.12623,
1403636600,0.14659,-0.01907,-0.31774,0.80016,0.11824,0.57576,-0.11939,
1403636600,0.15143,-0.01934,-0.32676,0.80488,0.11257,0.57115,-0.11527,
1403636600,0.15350,-0.02071,-0.33464,0.80591,0.11066,0.57044,-0.11342,
1403636600,0.15360,-0.02308,-0.33497,0.79569,0.11019,0.58426,-0.11568,
1403636600,0.15266,-0.02768,-0.33837,0.79022,0.10181,0.59167,-0.12292,
1403636624,0.15141,-0.03069,-0.33837,0.79560,0.09862,0.58575,-0.11914,
1403636624,0.14906,-0.03561,-0.33851,0.80087,0.09738,0.57937,-0.11602,
1403636625,0.14495,-0.04314,-0.33825,0.80605,0.09595,0.57311,-0.11232,
1403636625,0.14064,-0.05326,-0.33785,0.80550,0.09655,0.57484,-0.10681,
1403636625,0.13814,-0.05959,-0.33880,0.80515,0.09888,0.57566,-0.10284,
1403636625,0.13049,-0.07480,-0.33894,0.80521,0.10537,0.57583,-0.09464,
1403636625,0.12534,-0.08336,-0.33701,0.80702,0.10998,0.57331,-0.08911,
1403636625,0.11938,-0.09254,-0.33333,0.81047,0.11562,0.56838,-0.08196,
1403636625,0.11296,-0.10134,-0.32717,0.81370,0.12079,0.56361,-0.07516,
1403636625,0.10645,-0.10930,-0.31880,0.81686,0.12414,0.55887,-0.07065,
1403636625,0.10025,-0.11616,-0.30860,0.82024,0.12657,0.55375,-0.06748,
1403636625,0.09509,-0.12123,-0.29671,0.82319,0.12751,0.54919,-0.06699,
1403636625,0.09081,-0.12473,-0.28363,0.82501,0.12497,0.54658,-0.07065,
1403636625,0.08775,-0.12736,-0.26926,0.82443,0.12280,0.54742,-0.07457,
1403636625,0.08454,-0.13052,-0.24295,0.82035,0.11923,0.55336,-0.08131,
1403636626,0.09876,-0.12401,-0.23844,0.81953,0.12273,0.55309,-0.08606,
1403636626,0.10466,-0.12033,-0.22761,0.81653,0.12289,0.55737,-0.08676,
1403636626,0.11107,-0.11634,-0.21254,0.81355,0.12251,0.56155,-0.08829,
1403636626,0.11785,-0.11199,-0.19321,0.81012,0.12161,0.56633,-0.09049,
1403636626,0.12502,-0.10736,-0.17102,0.80805,0.12079,0.56916,-0.09234,
1403636626,0.13829,-0.09827,-0.12204,0.80503,0.11982,0.57320,-0.09488,
1403636626,0.14432,-0.09381,-0.09805,0.80453,0.11751,0.57374,-0.09877,
1403636626,0.15530,-0.08572,-0.05258,0.80423,0.11174,0.57371,-0.10763,
1403636626,0.17972,-0.08062,0.01364,0.80341,0.10846,0.57431,-0.11373,
1403636627,0.19238,-0.08853,0.02080,0.79810,0.11481,0.58178,-0.10666,
1403636627,0.19686,-0.11566,0.00793,0.79913,0.12384,0.57942,-0.10165,
1403636627,0.19267,-0.12567,-0.00447,0.80424,0.12568,0.57221,-0.09986,
1403636627,0.18655,-0.13622,-0.01740,0.80902,0.12672,0.56551,-0.09809,
1403636627,0.17221,-0.16540,0.00007,0.80456,0.12549,0.57168,-0.10063,
1403636628,0.16467,-0.18036,0.03763,0.80494,0.12090,0.57190,-0.10191,
1403636628,0.15886,-0.19252,0.05283,0.80739,0.11380,0.57064,-0.09762,
1403636628,0.15170,-0.20669,0.05150,0.81295,0.10776,0.56494,-0.09134,
1403636628,0.14831,-0.21449,0.04675,0.81699,0.10399,0.56050,-0.08689,
1403636628,0.14448,-0.23006,0.03478,0.82440,0.09520,0.55261,-0.07700,
1403636628,0.14785,-0.25023,0.02481,0.83042,0.08592,0.54661,-0.06511,
1403636628,0.15909,-0.26009,0.03298,0.82614,0.08029,0.55426,-0.06196,
1403636628,0.16587,-0.26491,0.04169,0.82129,0.07695,0.56183,-0.06245,
1403636628,0.17346,-0.26929,0.05165,0.81673,0.07374,0.56874,-0.06366,
1403636628,0.18086,-0.27324,0.06257,0.81345,0.06992,0.57362,-0.06610,
1403636628,0.19500,-0.28260,0.08646,0.81033,0.06421,0.57805,-0.07149,
1403636629,0.24940,-0.36353,0.13785,0.81493,0.06165,0.57231,-0.06739,
1403636629,0.26124,-0.38917,0.13602,0.82033,0.05866,0.56591,-0.05802,
1403636629,0.27068,-0.41506,0.14227,0.82441,0.05537,0.56087,-0.05215,
1403636629,0.27772,-0.44247,0.15792,0.82593,0.05162,0.55941,-0.04734,
1403636629,0.28779,-0.47040,0.17262,0.82611,0.04332,0.56031,-0.04156,
1403636629,0.30139,-0.49766,0.18229,0.82436,0.03375,0.56383,-0.03727,
1403636629,0.31780,-0.52403,0.18633,0.82169,0.02384,0.56819,-0.03757,
1403636630,0.33626,-0.55199,0.18323,0.81894,0.00985,0.57260,-0.03698,
1403636630,0.35604,-0.58278,0.17212,0.82132,-0.00375,0.56972,-0.02909,
1403636630,0.38350,-0.61358,0.15314,0.82736,-0.01750,0.56119,-0.01543,
1403636630,0.41261,-0.64645,0.13091,0.83161,-0.03346,0.55435,0.00015,
1403636630,0.44255,-0.68287,0.10702,0.83337,-0.05086,0.55020,0.01388,
1403636630,0.45749,-0.70180,0.09698,0.83342,-0.05786,0.54924,0.02010,
1403636630,0.50564,-0.75715,0.07904,0.82885,-0.07269,0.55381,0.03198,
1403636630,0.56444,-0.81123,0.08015,0.81689,-0.08074,0.56976,0.03924,
1403636630,0.62455,-0.86396,0.09238,0.81582,-0.08275,0.57080,0.04218,
1403636631,0.75064,-0.97104,0.13849,0.82174,-0.07034,0.56357,0.04663,
1403636631,0.88648,-1.06819,0.14813,0.82193,-0.07009,0.56422,0.03438,
1403636631,0.97817,-1.13217,0.13508,0.81809,-0.06887,0.57002,0.03246,
1403636632,1.13613,-1.24180,0.08628,0.81713,-0.06459,0.57179,0.03434,
1403636632,1.28174,-1.34049,0.04812,0.81885,-0.05870,0.56978,0.03740,
1403636632,1.37661,-1.39813,0.05503,0.81595,-0.05682,0.57363,0.04414,
1403636633,1.49892,-1.44565,0.03253,0.81911,-0.06463,0.56864,0.03901,
1403636633,1.52542,-1.45268,0.01668,0.82505,-0.06613,0.56055,0.02654,
1403636633,1.56347,-1.46385,-0.00221,0.82890,-0.05917,0.55610,0.01323,
1403636633,1.58455,-1.47170,-0.00871,0.82981,-0.05235,0.55555,0.00653,
1403636633,1.63225,-1.48730,-0.01653,0.82838,-0.02988,0.55936,-0.00207,
1403636633,1.65575,-1.49503,-0.01845,0.82608,-0.01689,0.56328,-0.00523,
1403636633,1.73333,-1.52040,-0.01902,0.82240,0.01375,0.56860,-0.01256,
1403636633,1.78412,-1.53568,-0.01824,0.82149,0.02614,0.56934,-0.01793,
1403636633,1.85829,-1.55500,-0.02955,0.82267,0.03372,0.56691,-0.02625,
1403636634,1.96229,-1.57798,-0.06136,0.82686,0.03120,0.56045,-0.03502,
1403636634,2.07960,-1.60165,-0.09303,0.82996,0.02620,0.55622,-0.03306,
1403636634,2.17715,-1.62039,-0.09763,0.82904,0.02059,0.55786,-0.03260,
1403636634,2.27904,-1.64112,-0.09467,0.82648,0.00985,0.56148,-0.03962,
1403636634,2.42554,-1.67928,-0.09401,0.82802,0.01092,0.55933,-0.03754,
1403636634,2.50569,-1.70299,-0.08337,0.82603,0.01675,0.56246,-0.03224,
1403636634,2.59011,-1.72787,-0.07334,0.82075,0.02149,0.57016,-0.02874,
1403636635,2.67256,-1.75346,-0.06967,0.81700,0.02499,0.57545,-0.02722,
1403636635,2.79074,-1.78965,-0.07639,0.81436,0.03245,0.57875,-0.02848,
1403636635,2.90215,-1.82257,-0.08601,0.81595,0.04366,0.57550,-0.03347,
1403636635,3.04322,-1.86058,-0.07835,0.81904,0.05544,0.56964,-0.04017,
1403636635,3.18335,-1.89158,-0.07079,0.82172,0.06260,0.56475,-0.04374,
1403636635,3.29078,-1.91143,-0.07925,0.82418,0.06033,0.56067,-0.05228,
1403636636,3.43778,-1.93733,-0.07871,0.82504,0.05678,0.55916,-0.05856,
1403636636,3.55107,-1.96034,-0.06349,0.82347,0.05422,0.56160,-0.05969,
1403636636,3.62749,-1.97610,-0.04411,0.81944,0.04926,0.56739,-0.06451,
1403636636,3.74472,-2.00679,-0.00424,0.82095,0.04298,0.56509,-0.06975,
1403636636,3.82574,-2.03216,0.02197,0.82617,0.04666,0.55795,-0.06291,
1403636636,3.91004,-2.05927,0.04642,0.82660,0.05192,0.55770,-0.05481,
1403636636,3.95337,-2.07269,0.06024,0.82367,0.05448,0.56212,-0.05129,
1403636636,3.99634,-2.08593,0.07662,0.82003,0.05636,0.56748,-0.04847,
1403636636,4.03738,-2.09865,0.09517,0.81681,0.05725,0.57212,-0.04709,
1403636636,4.07689,-2.11141,0.11478,0.81283,0.05787,0.57779,-0.04604,
1403636636,4.11318,-2.12393,0.13293,0.80768,0.05832,0.58494,-0.04577,
1403636636,4.15165,-2.13668,0.14919,0.80355,0.05861,0.59058,-0.04566,
1403636637,4.22609,-2.16285,0.17333,0.80087,0.06240,0.59423,-0.04014,
1403636637,4.32814,-2.19853,0.19474,0.80040,0.07004,0.59466,-0.02897,
1403636637,4.42016,-2.22492,0.19794,0.80130,0.07873,0.59281,-0.01739,
1403636637,4.50439,-2.23957,0.18670,0.80661,0.07142,0.58589,-0.03196,
1403636637,4.58431,-2.24805,0.16838,0.81174,0.06474,0.57867,-0.04501,
1403636637,4.65621,-2.25249,0.14756,0.81755,0.06500,0.57022,-0.04724,
1403636638,4.80139,-2.24741,0.15762,0.82119,0.06724,0.56439,-0.05083,
1403636638,4.90380,-2.24099,0.20067,0.81908,0.06884,0.56713,-0.05220,
1403636638,4.98433,-2.23368,0.24594,0.81529,0.06964,0.57235,-0.05365,
1403636638,5.06142,-2.22532,0.26257,0.81179,0.06997,0.57709,-0.05539,
1403636638,5.17881,-2.21207,0.23580,0.81473,0.06778,0.57253,-0.06185,
1403636638,5.19434,-2.21003,0.22396,0.82056,0.06505,0.56401,-0.06598,
1403636638,5.21321,-2.20802,0.21186,0.82626,0.06306,0.55543,-0.06932,
1403636639,5.25806,-2.20686,0.19052,0.83383,0.06017,0.54375,-0.07381,
1403636639,5.33553,-2.21179,0.17826,0.83212,0.06735,0.54667,-0.06476,
1403636639,5.39414,-2.21672,0.18314,0.82641,0.07009,0.55526,-0.06189,
1403636639,5.45610,-2.22238,0.19394,0.82210,0.06870,0.56152,-0.06424,
1403636639,5.51937,-2.22915,0.20944,0.82064,0.06412,0.56337,-0.07111,
1403636639,5.58677,-2.23715,0.22109,0.82023,0.05761,0.56342,-0.08042,
1403636639,5.69278,-2.25635,0.21302,0.82146,0.05236,0.56108,-0.08748,
1403636639,5.76661,-2.27567,0.19324,0.82158,0.05885,0.56164,-0.07810,
1403636639,5.84312,-2.29806,0.16913,0.82163,0.06668,0.56211,-0.06708,
1403636640,5.92106,-2.32168,0.14167,0.81929,0.07512,0.56575,-0.05521,
1403636640,5.99717,-2.34420,0.11330,0.81602,0.07992,0.57031,-0.04963,
1403636640,6.10743,-2.37350,0.08045,0.81051,0.07605,0.57807,-0.05599,
1403636640,6.24126,-2.41011,0.06246,0.80885,0.07356,0.58007,-0.06216,
1403636640,6.33859,-2.43698,0.06960,0.80723,0.08491,0.58040,-0.06568,
1403636640,6.43268,-2.46449,0.08995,0.80712,0.09515,0.57821,-0.07194,
1403636641,6.54702,-2.50026,0.10087,0.80673,0.10425,0.57660,-0.07653,
1403636641,6.76419,-2.57102,0.08024,0.80916,0.11110,0.57152,-0.07926,
1403636641,6.90556,-2.60965,0.05851,0.80754,0.10580,0.57445,-0.08187,
1403636642,7.06287,-2.66087,-0.00502,0.80819,0.10371,0.57432,-0.07894,
1403636642,7.14172,-2.68967,0.01629,0.80718,0.09624,0.57769,-0.07394,
1403636642,7.17408,-2.70111,0.03020,0.80724,0.08842,0.57957,-0.06812,
1403636642,7.20591,-2.71282,0.03925,0.80709,0.08236,0.58120,-0.06348,
1403636642,7.24096,-2.72933,0.04241,0.80741,0.07129,0.58285,-0.05731,
1403636642,7.25868,-2.73983,0.03765,0.80752,0.06354,0.58403,-0.05278,
1403636643,7.28381,-2.75683,0.02013,0.81309,0.05640,0.57742,-0.04782,
1403636643,7.29512,-2.76799,0.00410,0.81812,0.05347,0.57072,-0.04571,
1403636643,7.31252,-2.78473,-0.01225,0.82287,0.05094,0.56410,-0.04557,
1403636643,7.35859,-2.82039,-0.00592,0.81736,0.04919,0.57194,-0.04882,
1403636644,7.44306,-2.88095,-0.00805,0.82410,0.05127,0.56179,-0.05111,
1403636644,7.54277,-2.93341,0.04112,0.83343,0.05717,0.54751,-0.04859,
1403636644,7.71735,-2.98815,0.06474,0.83331,0.05761,0.54763,-0.04870,
1403636644,7.77725,-3.00231,0.06380,0.82497,0.04942,0.55985,-0.05955,
1403636644,7.83977,-3.01803,0.05478,0.81737,0.04266,0.57049,-0.06805,
1403636645,7.90013,-3.03593,0.03638,0.81160,0.03721,0.57818,-0.07499,
1403636645,8.01121,-3.08708,-0.02364,0.80789,0.04042,0.58381,-0.06958,
1403636645,8.05787,-3.11903,-0.06286,0.80780,0.05063,0.58482,-0.05376,
1403636645,8.10255,-3.15324,-0.10477,0.81034,0.05453,0.58165,-0.04533,
1403636645,8.14409,-3.18696,-0.14060,0.81643,0.05428,0.57321,-0.04379,
1403636645,8.16440,-3.20306,-0.15762,0.82305,0.05295,0.56375,-0.04441,
1403636645,8.18523,-3.21970,-0.17179,0.82956,0.05199,0.55417,-0.04490,
1403636645,8.20775,-3.23663,-0.18465,0.83533,0.05278,0.54550,-0.04315,
1403636645,8.26274,-3.26996,-0.20136,0.84290,0.05203,0.53385,-0.04278,
1403636645,8.36284,-3.31741,-0.21406,0.83743,0.05160,0.54250,-0.04183,
1403636646,8.43932,-3.34611,-0.22524,0.83353,0.05097,0.54854,-0.04162,
1403636646,8.56176,-3.38556,-0.24817,0.83093,0.05110,0.55259,-0.03998,
1403636646,8.69419,-3.42220,-0.26553,0.82948,0.05021,0.55473,-0.04140,
1403636646,8.83770,-3.45835,-0.25867,0.82780,0.04678,0.55738,-0.04343,
1403636646,8.93688,-3.48409,-0.24337,0.82390,0.03625,0.56386,-0.04387,
1403636646,8.98765,-3.49808,-0.23512,0.82235,0.02837,0.56672,-0.04213,
1403636646,9.03674,-3.51258,-0.22646,0.82083,0.01891,0.56955,-0.03867,
1403636646,9.08800,-3.52787,-0.21834,0.81925,0.00794,0.57229,-0.03529,
1403636646,9.13901,-3.54414,-0.21168,0.81753,-0.00430,0.57507,-0.03043,
1403636646,9.18950,-3.56137,-0.20652,0.81508,-0.01737,0.57855,-0.02481,
1403636646,9.23869,-3.57970,-0.20351,0.81245,-0.03082,0.58190,-0.01912,
1403636646,9.28723,-3.59955,-0.20234,0.81022,-0.04237,0.58451,-0.00968,
1403636646,9.33419,-3.61956,-0.20127,0.80689,-0.05137,0.58846,0.00048,
1403636647,9.37960,-3.63989,-0.19893,0.80380,-0.05807,0.59195,0.01085,
1403636647,9.42293,-3.66056,-0.19629,0.80172,-0.06420,0.59392,0.01960,
1403636647,9.46479,-3.68173,-0.19338,0.80139,-0.06958,0.59351,0.02602,
1403636647,9.50643,-3.70299,-0.18834,0.80244,-0.07312,0.59132,0.03295,
1403636647,9.58401,-3.74505,-0.17145,0.80364,-0.08051,0.58826,0.04036,
1403636647,9.65691,-3.78630,-0.14567,0.80305,-0.08497,0.58806,0.04557,
1403636647,9.81705,-3.88546,-0.08724,0.80900,-0.08782,0.57915,0.04883,
1403636647,9.98522,-4.00315,-0.05654,0.80935,-0.08687,0.57923,0.04350,
1403636648,10.05558,-4.06217,-0.05218,0.80375,-0.08675,0.58744,0.03724,
1403636648,10.11414,-4.12508,-0.04351,0.80036,-0.08916,0.59174,0.03629,
1403636648,10.16295,-4.19131,-0.03079,0.80313,-0.09171,0.58707,0.04390,
1403636648,10.18552,-4.23601,-0.02931,0.80216,-0.10010,0.58639,0.05170,
1403636648,10.19188,-4.25725,-0.03210,0.80167,-0.10660,0.58539,0.05731,
1403636648,10.19988,-4.28028,-0.03683,0.80086,-0.11480,0.58430,0.06354,
1403636648,10.20939,-4.30477,-0.04340,0.79976,-0.12451,0.58304,0.07031,
1403636648,10.22113,-4.33111,-0.05050,0.79816,-0.13499,0.58195,0.07782,
1403636648,10.23209,-4.35722,-0.05822,0.79626,-0.14538,0.58096,0.08557,
1403636648,10.24180,-4.38339,-0.06764,0.79406,-0.15676,0.57985,0.09314,
1403636648,10.25025,-4.40960,-0.07814,0.79193,-0.16831,0.57823,0.10084,
1403636648,10.25832,-4.43607,-0.08961,0.78926,-0.17926,0.57708,0.10919,
1403636648,10.26500,-4.46268,-0.10193,0.78686,-0.19055,0.57509,0.11752,
1403636648,10.27033,-4.48890,-0.11540,0.78434,-0.20241,0.57274,0.12574,
1403636649,10.27489,-4.51469,-0.12911,0.78146,-0.21390,0.57073,0.13356,
1403636649,10.27787,-4.54000,-0.14106,0.77859,-0.22411,0.56909,0.14041,
1403636649,10.28055,-4.56476,-0.15209,0.77623,-0.23261,0.56727,0.14687,
1403636649,10.28209,-4.58899,-0.16135,0.77512,-0.23951,0.56443,0.15246,
1403636649,10.28352,-4.61308,-0.16928,0.77521,-0.24478,0.56056,0.15784,
1403636649,10.28575,-4.66014,-0.18045,0.77889,-0.25415,0.54992,0.16228,
1403636649,10.28931,-4.70762,-0.18160,0.78530,-0.26021,0.53749,0.16340,
1403636649,10.30515,-4.80525,-0.15310,0.78258,-0.25949,0.54017,0.16868,
1403636649,10.31626,-4.85527,-0.12650,0.77473,-0.25569,0.55208,0.17213,
1403636649,10.32624,-4.90531,-0.09638,0.77140,-0.25222,0.55796,0.17321,
1403636650,10.34373,-5.04596,0.02623,0.77410,-0.24591,0.55941,0.16541,
1403636650,10.34137,-5.08923,0.07166,0.76877,-0.25095,0.56433,0.16598,
1403636650,10.33598,-5.13054,0.11008,0.76518,-0.25643,0.56480,0.17247,
1403636650,10.32860,-5.16915,0.14133,0.76231,-0.26072,0.56478,0.17868,
1403636650,10.31953,-5.20566,0.16350,0.76087,-0.26399,0.56351,0.18398,
1403636650,10.30725,-5.24049,0.17564,0.75822,-0.26956,0.56309,0.18807,
1403636650,10.28987,-5.27495,0.18148,0.75426,-0.28083,0.55984,0.19701,
1403636650,10.27923,-5.29234,0.18322,0.75161,-0.28898,0.55714,0.20290,
1403636650,10.26857,-5.31007,0.18340,0.74846,-0.29880,0.55414,0.20847,
1403636650,10.25764,-5.32768,0.18207,0.74538,-0.30936,0.55001,0.21494,
1403636650,10.24517,-5.34410,0.17977,0.74234,-0.31994,0.54524,0.22199,
1403636650,10.23136,-5.35902,0.17594,0.73948,-0.33099,0.53959,0.22904,
1403636651,10.21668,-5.37253,0.17055,0.73679,-0.34185,0.53370,0.23546,
1403636651,10.20177,-5.38491,0.16365,0.73444,-0.35188,0.52827,0.24023,
1403636651,10.18702,-5.39714,0.15623,0.73228,-0.35990,0.52377,0.24473,
1403636651,10.17245,-5.40891,0.14790,0.73016,-0.36661,0.52036,0.24839,
1403636651,10.15783,-5.42061,0.13953,0.72845,-0.37197,0.51696,0.25248,
1403636651,10.12945,-5.44191,0.12678,0.72416,-0.38021,0.51425,0.25803,
1403636651,10.10232,-5.46348,0.12442,0.71847,-0.38270,0.51694,0.26480,
1403636651,10.06125,-5.49293,0.13152,0.71276,-0.38213,0.52225,0.27058,
1403636652,9.80007,-5.55839,0.19555,0.70778,-0.38264,0.53494,0.25781,
1403636652,9.75508,-5.55863,0.18402,0.69886,-0.39654,0.53401,0.26303,
1403636652,9.73112,-5.55683,0.17680,0.69376,-0.40426,0.53190,0.26899,
1403636652,9.70541,-5.55601,0.16790,0.68948,-0.41333,0.52670,0.27633,
1403636652,9.67689,-5.55520,0.15817,0.68564,-0.42259,0.51927,0.28576,
1403636652,9.64658,-5.55400,0.14816,0.68111,-0.43327,0.51075,0.29582,
1403636652,9.61492,-5.55179,0.13692,0.67597,-0.44585,0.50098,0.30547,
1403636652,9.58016,-5.54856,0.12465,0.67014,-0.45916,0.49140,0.31401,
1403636652,9.54352,-5.54326,0.11113,0.66490,-0.47363,0.48007,0.32112,
1403636652,9.50814,-5.53786,0.09554,0.65926,-0.48746,0.46976,0.32723,
1403636652,9.47354,-5.53322,0.08026,0.65352,-0.49924,0.46121,0.33311,
1403636652,9.43870,-5.52964,0.06583,0.64803,-0.50935,0.45473,0.33740,
1403636653,9.40454,-5.52684,0.05268,0.64350,-0.51819,0.44888,0.34043,
1403636653,9.37088,-5.52503,0.04161,0.64005,-0.52629,0.44290,0.34234,
1403636653,9.33757,-5.52478,0.03299,0.63810,-0.53276,0.43714,0.34336,
1403636653,9.30499,-5.52667,0.02656,0.63741,-0.53781,0.43118,0.34433,
1403636653,9.24209,-5.53318,0.02173,0.63572,-0.54307,0.42470,0.34723,
1403636653,9.15515,-5.55571,0.03264,0.63283,-0.54391,0.42450,0.35141,
1403636653,9.07625,-5.59061,0.05252,0.63180,-0.53864,0.42832,0.35671,
1403636653,9.00007,-5.63540,0.04498,0.62894,-0.52987,0.43836,0.36266,
1403636653,8.95064,-5.66673,0.03879,0.62691,-0.52218,0.44627,0.36764,
1403636654,8.78765,-5.75954,0.07169,0.63158,-0.50998,0.45627,0.36447,
1403636654,8.70254,-5.79509,0.09495,0.63000,-0.50426,0.46195,0.36799,
1403636654,8.58276,-5.81231,0.07657,0.62630,-0.51180,0.46304,0.36250,
1403636654,8.54711,-5.80830,0.07065,0.62147,-0.51729,0.45893,0.36820,
1403636654,8.50922,-5.80192,0.07231,0.61572,-0.52673,0.45069,0.37461,
1403636654,8.49240,-5.79522,0.07503,0.61219,-0.53272,0.44530,0.37835,
1403636654,8.47415,-5.78876,0.07988,0.60785,-0.53917,0.44033,0.38202,
1403636655,8.45314,-5.78304,0.08691,0.60287,-0.54548,0.43493,0.38707,
1403636655,8.43168,-5.77705,0.09593,0.59742,-0.55226,0.42943,0.39203,
1403636655,8.39240,-5.76434,0.11047,0.58787,-0.56712,0.42067,0.39472,
1403636655,8.35171,-5.75334,0.12161,0.58139,-0.57718,0.41324,0.39761,
1403636655,8.31232,-5.74280,0.12652,-0.57659,0.58352,-0.40718,-0.40156,
1403636655,8.27425,-5.73313,0.12577,-0.57124,0.58516,-0.40576,-0.40820,
1403636655,8.23775,-5.72242,0.11983,-0.56417,0.58372,-0.41017,-0.41561,
1403636655,8.18470,-5.70223,0.10538,-0.55762,0.58209,-0.41552,-0.42139,
1403636655,8.13196,-5.67096,0.08689,-0.54828,0.58693,-0.41682,-0.42564,
1403636655,8.09656,-5.64191,0.07788,-0.54132,0.59192,-0.41499,-0.42941,
1403636656,8.05971,-5.60585,0.07533,-0.53520,0.60142,-0.40740,-0.43113,
1403636656,8.04091,-5.58400,0.07439,-0.53280,0.60894,-0.40079,-0.42975,
1403636656,8.02029,-5.56164,0.07226,-0.52978,0.61658,-0.39527,-0.42768,
1403636656,7.99974,-5.53949,0.06752,-0.52728,0.62328,-0.39030,-0.42564,
1403636656,7.97946,-5.51797,0.05955,-0.52447,0.62897,-0.38514,-0.42544,
1403636656,7.95801,-5.49653,0.04791,-0.52008,0.63469,-0.38099,-0.42606,
1403636656,7.93592,-5.47515,0.03292,-0.51469,0.64089,-0.37668,-0.42715,
1403636656,7.91210,-5.45356,0.01609,-0.50813,0.64724,-0.37245,-0.42916,
1403636656,7.88782,-5.43264,-0.00050,-0.50097,0.65302,-0.36836,-0.43232,
1403636656,7.86361,-5.41187,-0.01561,-0.49446,0.65771,-0.36542,-0.43520,
1403636656,7.83836,-5.39121,-0.02832,-0.48887,0.66149,-0.36193,-0.43868,
1403636656,7.81284,-5.37048,-0.03910,-0.48537,0.66450,-0.35750,-0.44165,
1403636656,7.76020,-5.32929,-0.05140,-0.48154,0.66882,-0.34861,-0.44639,
1403636656,7.70606,-5.28958,-0.05208,-0.47940,0.67217,-0.34319,-0.44787,
1403636656,7.62388,-5.24055,-0.03374,-0.47825,0.67446,-0.34039,-0.44779,
1403636657,7.54097,-5.20416,-0.00399,-0.48027,0.67128,-0.34000,-0.45070,
1403636657,7.48288,-5.18378,0.01168,-0.47745,0.66439,-0.34763,-0.45802,
1403636657,7.42322,-5.16264,0.02039,-0.47539,0.65651,-0.35433,-0.46632,
1403636657,7.33502,-5.12523,0.01834,-0.47603,0.64954,-0.35894,-0.47187,
1403636657,7.19997,-5.04088,-0.01350,-0.47290,0.64928,-0.36988,-0.46689,
1403636657,7.12248,-4.97812,-0.02547,-0.47492,0.65470,-0.36767,-0.45896,
1403636657,7.07250,-4.93271,-0.03143,-0.47663,0.66132,-0.36452,-0.45011,
1403636658,7.02106,-4.88533,-0.04142,-0.47836,0.66593,-0.36125,-0.44409,
1403636658,6.93500,-4.81316,-0.06331,-0.47823,0.66685,-0.36036,-0.44355,
1403636658,6.87506,-4.76345,-0.08266,-0.47458,0.66952,-0.36021,-0.44358,
1403636658,6.81160,-4.71282,-0.10480,-0.47007,0.67574,-0.36141,-0.43794,
1403636658,6.74108,-4.66135,-0.12132,-0.46866,0.67918,-0.35951,-0.43568,
1403636658,6.66393,-4.60845,-0.12753,-0.47178,0.67769,-0.35234,-0.44048,
1403636658,6.58623,-4.56021,-0.12682,-0.47496,0.67560,-0.34492,-0.44610,
1403636658,6.50748,-4.51477,-0.12890,-0.47823,0.67355,-0.33812,-0.45089,
1403636658,6.42825,-4.47215,-0.13615,-0.47996,0.67325,-0.33386,-0.45266,
1403636659,6.34863,-4.43333,-0.14577,-0.48287,0.67193,-0.32851,-0.45544,
1403636659,6.26953,-4.39827,-0.15712,-0.48633,0.66905,-0.32292,-0.45996,
1403636659,6.19378,-4.36836,-0.17098,-0.48741,0.66717,-0.32099,-0.46291,
1403636659,6.12156,-4.34274,-0.18738,-0.48845,0.66252,-0.31921,-0.46968,
1403636659,6.05429,-4.32130,-0.20683,-0.48580,0.65937,-0.32270,-0.47445,
1403636659,5.96334,-4.29192,-0.24287,-0.47727,0.65828,-0.33502,-0.47607,
1403636659,5.88137,-4.26158,-0.28759,-0.47348,0.65654,-0.34092,-0.47806,
1403636659,5.80941,-4.22787,-0.32937,-0.47534,0.65938,-0.33871,-0.47386,
1403636659,5.76537,-4.20404,-0.35015,-0.47974,0.66316,-0.33299,-0.46817,
1403636660,5.70442,-4.17048,-0.37005,-0.47992,0.66339,-0.33145,-0.46876,
1403636660,5.65073,-4.13778,-0.39633,-0.47693,0.66149,-0.33252,-0.47371,
1403636660,5.60624,-4.10298,-0.43495,-0.47555,0.66313,-0.33123,-0.47371,
1403636660,5.58063,-4.07834,-0.46696,-0.47761,0.66756,-0.32583,-0.46914,
1403636660,5.55753,-4.05446,-0.50242,-0.47956,0.67215,-0.32059,-0.46417,
1403636660,5.53655,-4.03316,-0.54037,-0.48056,0.67440,-0.31817,-0.46153,
1403636660,5.51762,-4.01649,-0.57819,-0.48281,0.67781,-0.31354,-0.45734,
1403636660,5.49970,-4.00548,-0.61086,-0.48712,0.68411,-0.30597,-0.44844,
1403636661,5.45971,-4.01655,-0.67090,-0.48435,0.67469,-0.31191,-0.46143,
1403636661,5.44692,-4.03161,-0.70068,-0.48237,0.66469,-0.31598,-0.47503,
1403636661,5.44155,-4.08529,-0.82274,-0.47913,0.65508,-0.32282,-0.48692,
1403636661,5.46613,-4.12184,-0.91675,-0.47298,0.65782,-0.33205,-0.48302,
1403636661,5.50652,-4.14536,-0.98574,-0.47155,0.65802,-0.33471,-0.48231,
1403636662,5.54408,-4.15875,-1.01732,-0.47149,0.66133,-0.33601,-0.47691,
1403636662,5.60227,-4.16877,-1.03181,-0.46524,0.66275,-0.34661,-0.47348,
1403636662,5.66008,-4.16725,-1.02132,-0.46261,0.66231,-0.35229,-0.47247,
1403636662,5.72945,-4.14358,-0.99335,-0.47095,0.65871,-0.33989,-0.47831,
1403636662,5.78998,-4.11267,-0.99280,-0.47801,0.66251,-0.32623,-0.47556,
1403636663,5.82500,-4.09761,-1.00071,-0.47927,0.66794,-0.32268,-0.46907,
1403636663,5.86288,-4.08396,-1.01164,-0.47219,0.67512,-0.33083,-0.46021,
1403636663,5.89813,-4.07203,-1.02601,-0.46361,0.67891,-0.34177,-0.45534,
1403636663,5.95435,-4.04922,-1.06837,-0.46246,0.68472,-0.34075,-0.44852,
1403636663,5.97493,-4.03918,-1.09001,-0.46053,0.69067,-0.34199,-0.44037,
1403636663,5.99240,-4.02333,-1.11766,-0.46688,0.69049,-0.33163,-0.44188,
1403636663,5.99273,-4.01919,-1.13407,-0.47703,0.68594,-0.31672,-0.44901,
1403636663,5.99217,-4.01976,-1.15778,-0.48529,0.68481,-0.30492,-0.45006,
1403636664,5.99093,-4.03616,-1.20125,-0.49116,0.68562,-0.29590,-0.44847,
1403636664,5.99309,-4.09198,-1.25765,-0.49918,0.67651,-0.28702,-0.45910,
1403636664,5.99910,-4.13585,-1.27617,-0.50201,0.66795,-0.28614,-0.46900,
1403636664,6.01337,-4.18833,-1.28601,-0.50293,0.65709,-0.28841,-0.48177,
1403636664,6.03709,-4.24659,-1.29070,-0.50031,0.65310,-0.29631,-0.48513,
1403636664,6.07030,-4.31009,-1.29021,-0.49435,0.65172,-0.30955,-0.48483,
1403636664,6.08906,-4.34529,-1.29115,-0.49164,0.65070,-0.31599,-0.48479,
1403636664,6.13237,-4.41082,-1.30192,-0.48850,0.64950,-0.32539,-0.48336,
1403636664,6.18032,-4.47517,-1.32883,-0.48788,0.64820,-0.33162,-0.48150,
1403636665,6.23244,-4.53751,-1.36082,-0.48748,0.64644,-0.33832,-0.47960,
1403636665,6.25975,-4.56917,-1.37604,-0.48549,0.64723,-0.34460,-0.47607,
1403636665,6.31798,-4.62624,-1.40183,-0.48498,0.64780,-0.35145,-0.47077,
1403636665,6.37738,-4.67962,-1.41945,-0.49167,0.64582,-0.34696,-0.46989,
1403636665,6.43942,-4.73114,-1.42935,-0.49405,0.64473,-0.34864,-0.46764,
1403636665,6.50247,-4.78247,-1.43417,-0.49752,0.64747,-0.34767,-0.46085,
1403636665,6.56690,-4.83089,-1.43098,-0.50169,0.65126,-0.34467,-0.45319,
1403636665,6.63182,-4.88057,-1.42140,-0.50191,0.65416,-0.34640,-0.44740,
1403636665,6.66321,-4.90772,-1.41620,-0.49801,0.65488,-0.35239,-0.44602,
1403636665,6.69340,-4.93529,-1.41043,-0.49509,0.65401,-0.35703,-0.44686,
1403636665,6.75346,-4.98664,-1.39911,-0.49450,0.65220,-0.35815,-0.44926,
1403636666,6.84022,-5.05879,-1.38214,-0.50248,0.64801,-0.34411,-0.45737,
1403636666,6.96014,-5.15205,-1.35483,-0.50416,0.64502,-0.33688,-0.46505,
1403636666,7.02414,-5.20006,-1.33926,-0.49643,0.64615,-0.34539,-0.46557,
1403636666,7.05676,-5.22524,-1.33029,-0.49098,0.64880,-0.35195,-0.46273,
1403636666,7.12254,-5.27112,-1.31596,-0.48315,0.65428,-0.36070,-0.45649,
1403636666,7.18737,-5.31522,-1.30678,-0.48177,0.65501,-0.36146,-0.45630,
1403636666,7.28166,-5.37624,-1.30219,-0.48373,0.65131,-0.35805,-0.46216,
1403636666,7.34405,-5.41372,-1.30594,-0.48096,0.65125,-0.36250,-0.46168,
1403636666,7.40265,-5.44517,-1.31039,-0.47967,0.65408,-0.36567,-0.45649,
1403636667,7.45830,-5.47101,-1.30891,-0.48297,0.65514,-0.36302,-0.45360,
1403636667,7.51449,-5.49302,-1.29862,-0.49023,0.65471,-0.35517,-0.45265,
1403636667,7.56835,-5.51243,-1.28394,-0.49766,0.65608,-0.34702,-0.44887,
1403636667,7.62248,-5.53380,-1.26903,-0.50039,0.66102,-0.34484,-0.44016,
1403636667,7.67319,-5.55657,-1.26101,-0.49625,0.67218,-0.35140,-0.42240,
1403636667,7.73813,-5.59888,-1.25637,-0.49359,0.66813,-0.35653,-0.42762,
1403636667,7.77577,-5.63247,-1.25821,-0.49491,0.65471,-0.35606,-0.44682,
1403636667,7.82924,-5.68207,-1.27097,-0.49810,0.64315,-0.35306,-0.46217,
1403636668,7.88848,-5.72788,-1.29395,-0.50239,0.64589,-0.34814,-0.45742,
1403636668,7.93093,-5.75985,-1.31012,-0.50283,0.65416,-0.34741,-0.44558,
1403636668,7.99178,-5.80642,-1.31605,-0.50007,0.66007,-0.35142,-0.43674,
1403636668,8.18540,-6.01311,-1.35987,-0.49979,0.66048,-0.33652,-0.44804,
1403636669,8.33357,-6.21293,-1.46759,-0.49758,0.65444,-0.32555,-0.46704,
1403636669,8.39768,-6.28850,-1.49317,-0.49786,0.64672,-0.32426,-0.47827,
1403636669,8.44820,-6.33671,-1.49938,-0.49122,0.64868,-0.33367,-0.47600,
1403636669,8.52899,-6.39939,-1.49894,-0.48463,0.65115,-0.34156,-0.47380,
1403636669,8.64656,-6.47700,-1.51459,-0.48306,0.65170,-0.34205,-0.47428,
1403636670,8.74089,-6.53187,-1.53676,-0.47992,0.64728,-0.34731,-0.47968,
1403636670,8.81051,-6.56717,-1.55439,-0.47696,0.64131,-0.35259,-0.48673,
1403636670,8.88064,-6.59416,-1.56641,-0.47411,0.63740,-0.35786,-0.49079,
1403636670,8.95491,-6.61095,-1.57254,-0.46426,0.64521,-0.37478,-0.47719,
1403636670,8.98794,-6.61168,-1.57069,-0.45970,0.65228,-0.38246,-0.46575,
1403636670,9.05278,-6.61370,-1.56490,-0.45577,0.66208,-0.38885,-0.45024,
1403636670,9.11191,-6.60768,-1.55463,-0.45513,0.66701,-0.39260,-0.44024,
1403636670,9.16151,-6.59397,-1.53990,-0.45021,0.66556,-0.40646,-0.43488,
1403636670,9.18119,-6.58122,-1.53381,-0.44696,0.66390,-0.41511,-0.43259,
1403636670,9.21294,-6.55357,-1.52556,-0.44460,0.66212,-0.42756,-0.42558,
1403636670,9.23187,-6.51560,-1.52211,-0.44948,0.66033,-0.43596,-0.41457,
1403636671,9.23519,-6.46757,-1.51457,-0.45906,0.65474,-0.44496,-0.40322,
1403636671,9.23122,-6.43865,-1.50856,-0.46544,0.65049,-0.44927,-0.39798,
1403636671,9.22216,-6.40844,-1.49992,-0.47280,0.64512,-0.45327,-0.39347,
1403636671,9.20799,-6.37646,-1.48974,-0.48044,0.63895,-0.45766,-0.38918,
1403636671,9.18912,-6.34341,-1.47834,-0.48786,0.63256,-0.46276,-0.38434,
1403636671,9.16609,-6.30861,-1.46703,-0.49438,0.62641,-0.46948,-0.37787,
1403636671,9.13866,-6.27181,-1.45665,-0.50030,0.62020,-0.47778,-0.36983,
1403636671,9.10624,-6.23357,-1.44702,-0.50587,0.61337,-0.48701,-0.36152,
1403636671,9.06873,-6.19338,-1.43693,-0.51073,0.60557,-0.49830,-0.35233,
1403636671,9.02544,-6.15074,-1.42516,-0.51801,0.59570,-0.50800,-0.34459,
1403636671,8.97569,-6.10593,-1.41040,-0.52744,0.58445,-0.51512,-0.33892,
1403636671,8.91936,-6.05923,-1.39312,-0.53945,0.57227,-0.51893,-0.33498,
1403636671,8.85713,-6.01039,-1.37458,-0.55235,0.56054,-0.52088,-0.33074,
1403636671,8.78901,-5.96109,-1.35439,0.56492,-0.55038,0.52105,0.32628,
1403636671,8.63698,-5.85771,-1.31167,0.59342,-0.53205,0.51029,0.32308,
1403636671,8.55469,-5.80434,-1.29103,0.61054,-0.52180,0.49885,0.32574,
1403636671,8.47025,-5.75072,-1.27106,0.62776,-0.51061,0.48683,0.32891,
1403636671,8.38488,-5.69749,-1.25301,0.64347,-0.50084,0.47661,0.32855,
1403636672,8.29946,-5.64475,-1.23645,0.65675,-0.49335,0.46844,0.32535,
1403636672,8.21426,-5.59279,-1.22143,0.66742,-0.48826,0.46232,0.32001,
1403636672,8.12966,-5.54219,-1.20786,0.67676,-0.48468,0.45629,0.31446,
1403636672,7.96358,-5.44650,-1.18345,0.68976,-0.48145,0.44718,0.30410,
1403636672,7.80233,-5.35976,-1.16297,0.69856,-0.47949,0.43924,0.29862,
1403636672,7.64816,-5.28470,-1.14203,0.70543,-0.48170,0.42954,0.29298,
1403636672,7.57451,-5.25240,-1.12766,0.70923,-0.48272,0.42290,0.29177,
1403636672,7.50369,-5.22340,-1.11114,0.71316,-0.48352,0.41561,0.29134,
1403636672,7.37078,-5.17757,-1.07214,0.71835,-0.47773,0.40582,0.30174,
1403636672,7.25442,-5.14583,-1.02467,0.71972,-0.47271,0.40118,0.31242,
1403636672,7.15461,-5.12674,-0.97823,0.71898,-0.46967,0.39952,0.32072,
1403636672,7.07072,-5.11802,-0.93828,0.71738,-0.45949,0.40124,0.33651,
1403636672,7.03626,-5.11673,-0.92247,0.71379,-0.45380,0.40679,0.34509,
1403636673,7.00503,-5.11595,-0.91038,0.70580,-0.45192,0.41916,0.34917,
1403636673,6.97651,-5.11618,-0.90242,0.69701,-0.45053,0.43299,0.35173,
1403636673,6.95018,-5.11679,-0.90017,0.68866,-0.45136,0.44598,0.35089,
1403636673,6.92559,-5.11775,-0.90263,0.68169,-0.45258,0.45629,0.34966,
1403636673,6.86001,-5.11585,-0.93821,0.68041,-0.46336,0.46039,0.33224,
1403636673,6.82396,-5.11550,-0.96331,0.68663,-0.45875,0.46107,0.32482,
1403636673,6.79449,-5.11587,-0.98207,0.69559,-0.44728,0.46360,0.31807,
1403636673,6.77027,-5.11740,-0.99285,0.70610,-0.43482,0.46456,0.31070,
1403636673,6.75220,-5.12015,-0.99517,0.71917,-0.42931,0.45783,0.29811,
1403636673,6.74507,-5.12264,-0.99439,0.72600,-0.42685,0.45284,0.29267,
1403636673,6.73697,-5.13053,-0.98764,0.73481,-0.42435,0.44665,0.28371,
1403636674,6.75151,-5.16843,-0.97859,0.73655,-0.41618,0.45299,0.28121,
1403636674,6.77198,-5.19740,-0.98116,0.73108,-0.40964,0.46404,0.28703,
1403636674,6.79992,-5.22675,-0.98664,0.72427,-0.40291,0.47624,0.29377,
1403636674,6.83248,-5.25327,-0.98950,0.71989,-0.39892,0.48414,0.29702,
1403636674,6.98728,-5.33749,-0.99803,0.71859,-0.40072,0.48638,0.29410,
1403636674,7.04214,-5.35933,-1.01396,0.71324,-0.40576,0.49383,0.28771,
1403636674,7.09912,-5.37859,-1.03669,0.71016,-0.41064,0.50136,0.27512,
1403636675,7.15688,-5.39860,-1.06458,0.70989,-0.40768,0.51036,0.26341,
1403636675,7.21146,-5.41921,-1.09764,0.71311,-0.39998,0.51531,0.25679,
1403636675,7.26289,-5.44114,-1.13381,0.71700,-0.39277,0.51770,0.25226,
1403636675,7.30957,-5.46311,-1.17515,0.72610,-0.39171,0.51054,0.24226,
1403636675,7.33222,-5.47595,-1.19365,0.73112,-0.39230,0.50525,0.23724,
1403636675,7.37564,-5.50285,-1.22581,0.73944,-0.39315,0.49581,0.22987,
1403636675,7.41870,-5.53770,-1.24741,0.74565,-0.39371,0.48791,0.22572,
1403636675,7.48962,-5.60633,-1.26325,0.75403,-0.38320,0.47660,0.23967,
1403636675,7.54827,-5.66412,-1.26690,0.75638,-0.37624,0.47274,0.25069,
1403636675,7.61484,-5.72605,-1.26309,0.75198,-0.36683,0.48175,0.26054,
1403636675,7.65289,-5.75789,-1.26321,0.74981,-0.36176,0.48806,0.26214,
1403636676,7.69177,-5.78957,-1.26393,0.74895,-0.35481,0.49332,0.26424,
1403636676,7.73188,-5.82086,-1.26587,0.74828,-0.34763,0.49829,0.26634,
1403636676,7.81394,-5.87945,-1.27275,0.74835,-0.33491,0.50643,0.26707,
1403636676,7.85698,-5.90697,-1.27836,0.74836,-0.32924,0.51146,0.26451,
1403636676,7.90105,-5.93274,-1.28480,0.74763,-0.32384,0.51829,0.25991,
1403636676,7.94523,-5.95624,-1.29250,0.74633,-0.32168,0.52663,0.24935,
1403636676,7.98992,-5.97857,-1.30160,0.74491,-0.32030,0.53536,0.23643,
1403636676,8.03473,-5.99994,-1.31279,0.74556,-0.31976,0.54128,0.22116,
1403636676,8.07902,-6.02055,-1.32523,0.74776,-0.31796,0.54502,0.20667,
1403636676,8.12220,-6.04076,-1.33848,0.75168,-0.31364,0.54638,0.19513,
1403636676,8.16403,-6.06141,-1.35259,0.75623,-0.30668,0.54687,0.18705,
1403636676,8.20406,-6.08211,-1.36756,0.76218,-0.29725,0.54527,0.18274,
1403636676,8.24324,-6.10318,-1.38311,0.76861,-0.28396,0.54333,0.18278,
1403636676,8.28169,-6.12403,-1.39937,0.77467,-0.27035,0.54163,0.18284,
1403636676,8.31966,-6.14469,-1.41640,0.78149,-0.25453,0.53876,0.18500,
1403636676,8.35750,-6.16443,-1.43429,0.78802,-0.24069,0.53623,0.18316,
1403636676,8.39579,-6.18315,-1.45090,0.79253,-0.22514,0.53631,0.18326,
1403636676,8.43493,-6.20051,-1.46611,0.79715,-0.21110,0.53573,0.18160,
1403636676,8.47536,-6.21622,-1.47936,0.80085,-0.20016,0.53641,0.17562,
1403636677,8.51625,-6.22962,-1.49122,0.80400,-0.19163,0.53760,0.16688,
1403636677,8.55884,-6.24185,-1.50078,0.80507,-0.18581,0.54143,0.15557,
1403636677,8.60283,-6.25312,-1.50763,0.80599,-0.18071,0.54463,0.14531,
1403636677,8.64759,-6.26382,-1.51169,0.80594,-0.17697,0.54821,0.13639,
1403636677,8.69211,-6.27369,-1.51379,0.80558,-0.17466,0.55143,0.12826,
1403636677,8.73644,-6.28313,-1.51430,0.80469,-0.17324,0.55474,0.12136,
1403636677,8.82540,-6.30185,-1.51042,0.80498,-0.17146,0.55784,0.10692,
1403636677,8.90968,-6.32035,-1.50491,0.80435,-0.16895,0.56089,0.09939,
1403636677,9.03451,-6.35010,-1.52130,0.80513,-0.15933,0.56101,0.10795,
1403636677,9.15915,-6.37700,-1.56248,0.80336,-0.15163,0.56360,0.11819,
1403636677,9.24263,-6.38919,-1.58754,0.79888,-0.14384,0.57192,0.11841,
1403636677,9.28662,-6.39342,-1.59570,0.79601,-0.13871,0.57740,0.11721,
1403636677,9.32903,-6.39678,-1.60231,0.79294,-0.13348,0.58343,0.11418,
1403636678,9.36944,-6.39886,-1.60734,0.79083,-0.12856,0.58839,0.10888,
1403636678,9.40855,-6.39997,-1.61094,0.78978,-0.12305,0.59206,0.10280,
1403636678,9.44581,-6.39995,-1.61317,0.78992,-0.11798,0.59427,0.09463,
1403636678,9.48152,-6.39892,-1.61339,0.79141,-0.11273,0.59463,0.08593,
1403636678,9.51478,-6.39712,-1.61151,0.79299,-0.10722,0.59495,0.07554,
1403636678,9.54436,-6.39454,-1.60808,0.79599,-0.10078,0.59325,0.06560,
1403636678,9.57168,-6.39131,-1.60436,0.80025,-0.09507,0.58973,0.05277,
1403636678,9.59751,-6.38813,-1.60066,0.80449,-0.08963,0.58591,0.03841,
1403636678,9.62248,-6.38549,-1.59620,0.80882,-0.08258,0.58167,0.02553,
1403636678,9.64684,-6.38370,-1.59089,0.81200,-0.07427,0.57874,0.01418,
1403636678,9.67072,-6.38320,-1.58586,0.81508,-0.06408,0.57576,0.00593,
1403636678,9.69415,-6.38422,-1.58150,0.81630,-0.05360,0.57514,-0.00043,
1403636678,9.71761,-6.38674,-1.57850,0.81674,-0.04206,0.57547,-0.00224,
1403636678,9.76403,-6.39521,-1.57726,0.81727,-0.02120,0.57586,-0.00199,
1403636678,9.80931,-6.40525,-1.57800,0.81719,-0.00353,0.57633,-0.00461,
1403636678,9.85376,-6.41432,-1.57475,0.81746,0.00987,0.57568,-0.01587,
1403636679,9.89754,-6.42314,-1.56534,0.81822,0.02541,0.57376,-0.02582,
1403636679,9.91926,-6.42677,-1.55825,0.81778,0.03325,0.57370,-0.03154,
1403636679,9.93996,-6.43031,-1.54971,0.81708,0.04276,0.57368,-0.03799,
1403636679,9.96030,-6.43409,-1.54168,0.81604,0.05475,0.57388,-0.04189,
1403636679,9.98075,-6.43781,-1.53495,0.81477,0.06886,0.57402,-0.04370,
1403636679,10.00002,-6.44114,-1.52935,0.81332,0.08448,0.57388,-0.04504,
1403636679,10.01842,-6.44415,-1.52542,0.81183,0.10059,0.57338,-0.04532,
1403636679,10.03593,-6.44641,-1.52383,0.81053,0.11524,0.57243,-0.04569,
1403636679,10.07187,-6.44601,-1.52485,0.80751,0.14023,0.57088,-0.04857,
1403636679,10.08987,-6.44310,-1.52667,0.80558,0.14929,0.57079,-0.05434,
1403636679,10.10722,-6.43798,-1.52980,0.80360,0.15680,0.57073,-0.06257,
1403636679,10.12403,-6.43085,-1.53393,0.80102,0.16382,0.57129,-0.07187,
1403636679,10.13987,-6.42179,-1.53935,0.79861,0.16869,0.57150,-0.08453,
1403636679,10.15430,-6.41112,-1.54530,0.79528,0.17301,0.57244,-0.09956,
1403636679,10.16759,-6.39934,-1.55034,0.79200,0.17805,0.57274,-0.11406,
1403636679,10.17938,-6.38706,-1.55418,0.78929,0.18380,0.57180,-0.12758,
1403636679,10.18981,-6.37474,-1.55620,0.78605,0.19200,0.57094,-0.13885,
1403636679,10.19925,-6.36305,-1.55642,0.78364,0.20072,0.56881,-0.14856,
1403636679,10.20775,-6.35207,-1.55474,0.78103,0.20999,0.56663,-0.15756,
1403636680,10.21542,-6.34184,-1.55139,0.77889,0.21951,0.56388,-0.16487,
1403636680,10.22219,-6.33243,-1.54662,0.77720,0.22791,0.56112,-0.17075,
1403636680,10.22880,-6.32349,-1.54005,0.77580,0.23457,0.55856,-0.17643,
1403636680,10.23901,-6.30926,-1.52330,0.77495,0.24599,0.55264,-0.18312,
1403636680,10.24748,-6.29796,-1.49941,0.77051,0.25429,0.55434,-0.18534,
1403636680,10.25647,-6.28628,-1.46661,0.76323,0.26011,0.56218,-0.18375,
1403636680,10.26230,-6.27465,-1.42829,0.75982,0.26695,0.56631,-0.17521,
1403636680,10.25978,-6.26457,-1.38581,0.75588,0.27554,0.57163,-0.16112,
1403636680,10.22892,-6.23724,-1.31604,0.75316,0.27595,0.57687,-0.15433,
1403636681,10.16281,-6.19383,-1.27412,0.75837,0.28210,0.57201,-0.13456,
1403636681,10.06288,-6.12238,-1.25149,0.76463,0.27217,0.56702,-0.14056,
1403636681,10.00215,-6.07679,-1.24459,0.77090,0.26048,0.56031,-0.15465,
1403636681,9.93788,-6.02778,-1.24133,0.77899,0.24692,0.55016,-0.17184,
1403636681,9.90476,-6.00354,-1.24171,0.78448,0.24348,0.54249,-0.17610,
1403636681,9.87298,-5.97962,-1.24409,0.78929,0.24296,0.53575,-0.17593,
1403636681,9.84245,-5.95574,-1.24869,0.79383,0.24360,0.52917,-0.17458,
1403636681,9.78545,-5.90845,-1.25979,0.79667,0.24672,0.52499,-0.16983,
1403636681,9.73498,-5.85925,-1.27022,0.78738,0.25110,0.53831,-0.16494,
1403636681,9.68579,-5.80666,-1.27617,0.77923,0.25113,0.54974,-0.16585,
1403636681,9.63701,-5.75236,-1.27532,0.77479,0.24887,0.55545,-0.17101,
1403636682,9.58740,-5.69856,-1.27002,0.77330,0.24911,0.55664,-0.17351,
1403636682,9.51120,-5.61931,-1.26686,0.77175,0.25402,0.55752,-0.17043,
1403636682,9.43182,-5.53920,-1.27059,0.77015,0.25616,0.55846,-0.17141,
1403636682,9.37636,-5.48548,-1.26776,0.76933,0.25641,0.55861,-0.17415,
1403636682,9.31877,-5.43128,-1.25718,0.76970,0.25582,0.55728,-0.17764,
1403636682,9.25823,-5.37926,-1.23938,0.76987,0.25542,0.55639,-0.18024,
1403636682,9.19626,-5.32940,-1.22302,0.77407,0.25518,0.55025,-0.18148,
1403636682,9.13422,-5.27996,-1.21332,0.78105,0.25597,0.54044,-0.17991,
1403636683,9.01474,-5.17725,-1.20510,0.77735,0.25466,0.54732,-0.17696,
1403636683,8.92607,-5.09918,-1.20786,0.77224,0.25226,0.55585,-0.17619,
1403636683,8.83530,-5.02238,-1.20408,0.76921,0.24927,0.56147,-0.17587,
1403636683,8.67148,-4.89641,-1.17680,0.76854,0.25247,0.56350,-0.16754,
1403636683,8.60267,-4.84619,-1.17284,0.77030,0.25114,0.56063,-0.17107,
1403636683,8.53228,-4.79642,-1.17417,0.77117,0.25067,0.55865,-0.17430,
1403636683,8.45949,-4.74622,-1.18041,0.77157,0.25090,0.55715,-0.17695,
1403636684,8.38616,-4.69773,-1.19151,0.77164,0.25181,0.55605,-0.17879,
1403636684,8.31399,-4.65159,-1.20625,0.77225,0.25270,0.55449,-0.17976,
1403636684,8.24204,-4.60828,-1.22346,0.77480,0.25391,0.55012,-0.18051,
1403636684,8.16855,-4.56414,-1.23616,0.77792,0.25504,0.54500,-0.18103,
1403636684,8.09726,-4.52307,-1.24143,0.77909,0.25668,0.54224,-0.18197,
1403636684,8.02750,-4.47898,-1.23893,0.77772,0.25666,0.54334,-0.18455,
1403636684,7.95836,-4.43368,-1.22750,0.77505,0.25782,0.54610,-0.18604,
1403636684,7.88778,-4.38912,-1.21029,0.77318,0.25885,0.54757,-0.18805,
1403636684,7.81744,-4.34586,-1.18823,0.77059,0.25971,0.55012,-0.19003,
1403636684,7.71239,-4.28473,-1.16410,0.76809,0.26000,0.55238,-0.19315,
1403636685,7.64083,-4.24752,-1.15586,0.76739,0.25790,0.55263,-0.19798,
1403636685,7.53443,-4.19866,-1.15565,0.76633,0.25660,0.55334,-0.20176,
1403636685,7.39490,-4.14783,-1.17698,0.76482,0.25948,0.55543,-0.19805,
1403636685,7.25223,-4.10825,-1.19742,0.76616,0.26631,0.55480,-0.18514,
1403636685,7.13912,-4.07846,-1.19512,0.77048,0.26718,0.55069,-0.17809,
1403636686,6.94988,-4.02237,-1.17534,0.77343,0.26261,0.54983,-0.17474,
1403636686,6.75722,-3.95661,-1.18738,0.77313,0.26005,0.55158,-0.17433,
1403636686,6.60248,-3.89814,-1.21825,0.77234,0.26012,0.55264,-0.17440,
1403636686,6.52455,-3.86795,-1.23478,0.77571,0.25760,0.54761,-0.17900,
1403636686,6.40923,-3.82168,-1.24425,0.77768,0.25539,0.54493,-0.18174,
1403636686,6.29368,-3.77717,-1.23992,0.77999,0.25368,0.54181,-0.18359,
1403636687,6.18414,-3.73438,-1.23136,0.78232,0.25360,0.53843,-0.18371,
1403636687,6.08328,-3.69239,-1.23472,0.78202,0.25571,0.53849,-0.18187,
1403636687,5.98652,-3.64827,-1.24543,0.77979,0.25541,0.54131,-0.18350,
1403636687,5.89586,-3.60366,-1.24443,0.77779,0.25417,0.54353,-0.18715,
1403636687,5.80547,-3.56099,-1.22860,0.77694,0.25346,0.54432,-0.18931,
1403636687,5.69031,-3.50737,-1.20628,0.77479,0.25436,0.54680,-0.18975,
1403636687,5.60746,-3.47035,-1.20627,0.77212,0.25561,0.55024,-0.18901,
1403636688,5.52942,-3.43920,-1.22115,0.77128,0.25459,0.55086,-0.19200,
1403636688,5.45541,-3.41232,-1.25286,0.77071,0.25377,0.55085,-0.19539,
1403636688,5.38590,-3.39041,-1.29815,0.77082,0.25560,0.55040,-0.19383,
1403636688,5.31783,-3.37219,-1.35245,0.76950,0.26097,0.55206,-0.18709,
1403636688,5.24862,-3.35490,-1.40069,0.76940,0.26327,0.55213,-0.18404,
1403636688,5.19994,-3.34260,-1.42410,0.77006,0.26127,0.55099,-0.18750,
1403636688,5.14938,-3.32955,-1.44510,0.77147,0.26002,0.54880,-0.18987,
1403636689,5.07179,-3.31057,-1.48199,0.77064,0.26523,0.55013,-0.18199,
1403636689,4.99235,-3.28904,-1.52779,0.76920,0.27149,0.55140,-0.17485,
1403636689,4.93683,-3.27279,-1.56053,0.76930,0.27276,0.55016,-0.17638,
1403636689,4.87924,-3.25218,-1.58723,0.76953,0.27652,0.54658,-0.18057,
1403636689,4.85016,-3.24134,-1.59737,0.77006,0.27798,0.54392,-0.18412,
1403636689,4.82207,-3.22878,-1.60555,0.77039,0.27932,0.54154,-0.18764,
1403636689,4.79356,-3.21592,-1.61148,0.77064,0.28055,0.53917,-0.19160,
1403636689,4.76649,-3.20241,-1.61539,0.77102,0.28162,0.53657,-0.19571,
1403636689,4.68478,-3.16059,-1.61615,0.77178,0.28643,0.53001,-0.20348,
1403636689,4.63409,-3.13089,-1.60660,0.77143,0.28942,0.52777,-0.20637,
1403636689,4.58684,-3.09922,-1.58895,0.77028,0.29164,0.52740,-0.20848,
1403636690,4.54260,-3.06849,-1.56330,0.77126,0.29298,0.52459,-0.21004,
1403636690,4.50144,-3.03839,-1.53393,0.77472,0.29236,0.51894,-0.21220,
1403636690,4.46569,-3.00682,-1.50936,0.78093,0.28819,0.50989,-0.21704,
1403636690,4.43770,-2.97344,-1.48901,0.78358,0.28315,0.50642,-0.22219,
1403636690,4.41954,-2.93885,-1.47269,0.78348,0.27525,0.50724,-0.23044,
1403636690,4.41311,-2.86349,-1.44813,0.78233,0.28280,0.51213,-0.21381,
1403636690,4.43194,-2.81647,-1.42489,0.78082,0.28563,0.51541,-0.20758,
1403636691,4.46150,-2.76652,-1.39629,0.77977,0.28221,0.51723,-0.21164,
1403636691,4.48751,-2.73280,-1.38323,0.78058,0.27597,0.51587,-0.22001,
1403636691,4.51797,-2.70012,-1.37507,0.78005,0.26667,0.51598,-0.23277,
1403636691,4.55298,-2.67181,-1.38100,0.77875,0.25492,0.51649,-0.24860,
1403636691,4.59442,-2.65179,-1.39810,0.77293,0.24738,0.52366,-0.25916,
1403636691,4.64219,-2.64374,-1.41401,0.76279,0.24032,0.53651,-0.26937,
1403636691,4.66731,-2.64568,-1.41864,0.75742,0.23853,0.54331,-0.27245,
1403636691,4.72048,-2.66269,-1.42125,0.74866,0.24079,0.55487,-0.27140,
1403636691,4.74778,-2.67685,-1.41981,0.74427,0.24581,0.56140,-0.26545,
1403636691,4.77471,-2.69492,-1.41705,0.74010,0.25278,0.56785,-0.25669,
1403636691,4.79967,-2.71739,-1.41302,0.73771,0.25981,0.57164,-0.24800,
1403636691,4.82345,-2.74269,-1.40747,0.73723,0.26605,0.57252,-0.24067,
1403636691,4.84536,-2.77028,-1.40113,0.74062,0.27108,0.56766,-0.23612,
1403636691,4.86667,-2.79938,-1.39261,0.74544,0.27537,0.56081,-0.23234,
1403636692,4.90690,-2.86127,-1.36735,0.75264,0.27999,0.54952,-0.23056,
1403636692,4.94715,-2.92637,-1.33279,0.75548,0.28747,0.54461,-0.22361,
1403636692,4.98696,-2.99406,-1.29864,0.75554,0.29621,0.54392,-0.21348,
1403636692,5.02375,-3.06145,-1.27166,0.75660,0.29715,0.54189,-0.21356,
1403636692,5.05765,-3.12890,-1.25149,0.75485,0.29321,0.54403,-0.21966,
1403636692,5.08903,-3.19632,-1.23493,0.75284,0.28956,0.54684,-0.22439,
1403636692,5.11773,-3.26524,-1.21660,0.75257,0.29314,0.54798,-0.21777,
1403636692,5.14366,-3.33437,-1.19206,0.75386,0.29555,0.54673,-0.21313,
1403636692,5.17459,-3.43808,-1.13869,0.75691,0.29314,0.54339,-0.21420,
1403636693,5.19286,-3.50685,-1.09497,0.75681,0.29638,0.54445,-0.20729,
1403636693,5.21527,-3.60341,-1.01810,0.75801,0.29399,0.54406,-0.20735,
1403636693,5.22745,-3.66536,-0.96595,0.75997,0.29979,0.54220,-0.19643,
1403636693,5.23787,-3.72223,-0.91880,0.76105,0.30887,0.54101,-0.18084,
1403636693,5.24986,-3.81527,-0.83697,0.76382,0.30784,0.53729,-0.18204,
1403636693,5.25658,-3.91294,-0.75366,0.77217,0.30025,0.52392,-0.19776,
1403636694,5.26172,-3.94873,-0.72732,0.78083,0.29905,0.51022,-0.20136,
1403636694,5.27177,-3.96608,-0.71513,0.78664,0.30080,0.50074,-0.19994,
1403636694,5.31068,-3.98403,-0.69529,0.78097,0.30050,0.50859,-0.20278,
1403636694,5.33776,-3.98731,-0.68674,0.77254,0.29747,0.52082,-0.20843,
1403636694,5.36791,-3.98717,-0.68156,0.76352,0.29505,0.53344,-0.21313,
1403636694,5.39806,-3.98568,-0.68095,0.75821,0.29392,0.54051,-0.21580,
1403636695,5.51513,-3.98381,-0.64290,0.76254,0.29686,0.53392,-0.21290,
1403636695,5.59781,-3.98047,-0.65821,0.76328,0.28675,0.53483,-0.22165,
1403636695,5.66141,-3.98636,-0.68856,0.76582,0.28478,0.53340,-0.21886,
1403636695,5.70259,-3.99452,-0.68773,0.76416,0.28717,0.53774,-0.21076,
1403636696,5.75433,-4.00831,-0.66611,0.76281,0.28812,0.54155,-0.20453,
1403636696,5.78872,-4.01746,-0.65451,0.76098,0.29004,0.54525,-0.19869,
1403636696,5.85475,-4.03134,-0.66913,0.76683,0.28475,0.53889,-0.20122,
1403636696,5.88252,-4.03240,-0.68852,0.77144,0.28829,0.53327,-0.19336,
1403636696,5.91544,-4.02721,-0.72015,0.76424,0.28663,0.54429,-0.19374,
1403636696,5.93007,-4.02292,-0.73295,0.75793,0.27990,0.55332,-0.20256,
1403636697,5.94312,-4.02731,-0.76220,0.75969,0.28702,0.55203,-0.18910,
1403636697,5.93780,-4.02605,-0.77414,0.75618,0.29765,0.55662,-0.17255,
1403636697,5.88430,-3.99738,-0.74953,0.76233,0.29118,0.54913,-0.18035,
1403636698,5.85479,-3.97807,-0.72604,0.76740,0.28626,0.54237,-0.18706,
1403636698,5.79271,-3.93495,-0.67136,0.77415,0.26939,0.54505,-0.17616,
1403636698,5.76108,-3.91325,-0.65254,0.78031,0.25288,0.54824,-0.16306,
1403636698,5.72831,-3.88898,-0.63932,0.78532,0.23613,0.55148,-0.15291,
1403636698,5.69393,-3.86248,-0.63141,0.78946,0.22192,0.55334,-0.14600,
1403636698,5.64084,-3.81724,-0.62979,0.79285,0.20775,0.55566,-0.13956,
1403636698,5.58802,-3.77064,-0.63824,0.79607,0.19423,0.55807,-0.13077,
1403636698,5.55289,-3.73934,-0.64829,0.79918,0.18105,0.56038,-0.12045,
1403636699,5.51822,-3.70639,-0.66291,0.80358,0.16522,0.56153,-0.10787,
1403636699,5.50171,-3.68878,-0.67130,0.80557,0.15585,0.56258,-0.10131,
1403636699,5.48766,-3.67026,-0.68063,0.80762,0.14583,0.56350,-0.09461,
1403636699,5.47291,-3.65191,-0.69105,0.80999,0.13459,0.56392,-0.08831,
1403636699,5.45791,-3.63363,-0.70247,0.81200,0.12309,0.56469,-0.08142,
1403636699,5.42772,-3.59539,-0.72687,0.81598,0.09868,0.56575,-0.06616,
1403636699,5.41234,-3.57570,-0.74017,0.81770,0.08499,0.56621,-0.05954,
1403636699,5.39799,-3.55574,-0.75237,0.81877,0.07251,0.56721,-0.05132,
1403636699,5.38380,-3.53564,-0.76304,0.82010,0.05930,0.56741,-0.04432,
1403636699,5.36992,-3.51525,-0.77218,0.82082,0.04676,0.56803,-0.03741,
1403636699,5.34422,-3.47462,-0.78488,0.82137,0.02060,0.56951,-0.02421,
1403636699,5.33160,-3.45492,-0.78864,0.82130,0.00547,0.57011,-0.02004,
1403636699,5.31911,-3.43603,-0.79087,0.82166,-0.00853,0.56975,-0.01375,
1403636699,5.30730,-3.41802,-0.79140,0.82166,-0.02351,0.56944,-0.00764,
1403636699,5.29620,-3.40092,-0.79077,0.82221,-0.03876,0.56786,-0.00219,
1403636699,5.27687,-3.37044,-0.78412,0.82181,-0.06691,0.56573,0.01021,
1403636699,5.26773,-3.35720,-0.77965,0.82144,-0.07973,0.56446,0.01639,
1403636700,5.25878,-3.34505,-0.77563,0.82062,-0.09158,0.56360,0.02360,
1403636700,5.24974,-3.33395,-0.77291,0.81946,-0.10402,0.56282,0.02979,
1403636700,5.24116,-3.32416,-0.77171,0.81809,-0.11600,0.56213,0.03573,
1403636700,5.22369,-3.30988,-0.77305,0.81413,-0.13894,0.56164,0.04942,
1403636700,5.21578,-3.30509,-0.77599,0.81246,-0.14647,0.56123,0.05889,
1403636700,5.20766,-3.30216,-0.77935,0.81056,-0.15188,0.56145,0.06859,
1403636700,5.19997,-3.29996,-0.78339,0.80827,-0.15619,0.56254,0.07645,
1403636700,5.18568,-3.29686,-0.79264,0.80408,-0.16387,0.56514,0.08494,
1403636700,5.15613,-3.29594,-0.82279,0.80120,-0.17151,0.56628,0.08934,
1403636700,5.12421,-3.30645,-0.87092,0.80172,-0.17955,0.56303,0.08945,
1403636700,5.10872,-3.31864,-0.90417,0.79964,-0.18803,0.56238,0.09458,
1403636701,5.09368,-3.33526,-0.94081,0.79537,-0.19270,0.56522,0.10378,
1403636701,5.07754,-3.35547,-0.97932,0.79075,-0.19878,0.56705,0.11684,
1403636701,5.06017,-3.37720,-1.01703,0.78704,-0.20650,0.56720,0.12732,
1403636701,5.04158,-3.39824,-1.04846,0.78732,-0.21247,0.56319,0.13344,
1403636701,5.02275,-3.41878,-1.07195,0.78992,-0.21658,0.55726,0.13633,
1403636701,5.00335,-3.43951,-1.08802,0.79409,-0.21889,0.55045,0.13609,
1403636701,4.97612,-3.47330,-1.09798,0.80016,-0.21752,0.54243,0.13489,
1403636702,4.93678,-3.55894,-1.08130,0.79787,-0.20728,0.55025,0.13294,
1403636702,4.92284,-3.60738,-1.07317,0.79405,-0.19988,0.55844,0.13294,
1403636702,4.90823,-3.66848,-1.06758,0.79109,-0.20870,0.55829,0.13759,
1403636702,4.89971,-3.70040,-1.07382,0.78815,-0.22205,0.55574,0.14380,
1403636702,4.89462,-3.71680,-1.07840,0.78624,-0.22999,0.55408,0.14811,
1403636702,4.88958,-3.73259,-1.08449,0.78354,-0.23886,0.55280,0.15308,
1403636702,4.88400,-3.74811,-1.09160,0.78020,-0.24849,0.55169,0.15868,
1403636702,4.87843,-3.76368,-1.10002,0.77650,-0.25816,0.55054,0.16526,
1403636702,4.87299,-3.77944,-1.10955,0.77372,-0.26696,0.54846,0.17113,
1403636702,4.86800,-3.79487,-1.12049,0.77185,-0.27435,0.54585,0.17611,
1403636702,4.86317,-3.81022,-1.13270,0.77117,-0.28065,0.54212,0.18067,
1403636702,4.85397,-3.84072,-1.15946,0.77058,-0.28850,0.53557,0.19011,
1403636703,4.84745,-3.87033,-1.19067,0.77072,-0.29403,0.52971,0.19734,
1403636703,4.84471,-3.89909,-1.22663,0.77123,-0.29742,0.52540,0.20176,
1403636703,4.84732,-3.94234,-1.28822,0.77296,-0.29979,0.52041,0.20453,
1403636703,4.85874,-3.98782,-1.35624,0.77572,-0.29979,0.51632,0.20441,
1403636703,4.89770,-4.07174,-1.44075,0.76603,-0.30256,0.53209,0.19629,
1403636703,4.91673,-4.10885,-1.46196,0.75970,-0.30685,0.54156,0.18816,
1403636704,4.95050,-4.21103,-1.48934,0.76030,-0.29895,0.54208,0.19678,
1403636704,4.96219,-4.27264,-1.48539,0.76591,-0.29430,0.53497,0.20146,
1403636704,4.98656,-4.37138,-1.48745,0.76242,-0.29451,0.54211,0.19518,
1403636704,5.01085,-4.50306,-1.53423,0.76907,-0.29235,0.53606,0.18893,
1403636704,5.02541,-4.58360,-1.55766,0.77529,-0.28870,0.52826,0.19108,
1403636705,5.05189,-4.66950,-1.55526,0.78080,-0.28749,0.52064,0.19141,
1403636705,5.08302,-4.73883,-1.56362,0.78731,-0.28683,0.51171,0.18982,
1403636705,5.14517,-4.83692,-1.59470,0.79417,-0.28633,0.50277,0.18585,
1403636705,5.21280,-4.92126,-1.62477,0.78826,-0.28101,0.51303,0.19099,
1403636705,5.24023,-4.95214,-1.63462,0.78378,-0.27823,0.52012,0.19429,
1403636705,5.29717,-5.00977,-1.64752,0.77793,-0.27462,0.52927,0.19821,
1403636706,5.45086,-5.14828,-1.66695,0.78223,-0.27702,0.52271,0.19531,
1403636706,5.58948,-5.25782,-1.70176,0.78060,-0.27871,0.52451,0.19462,
1403636706,5.66443,-5.31464,-1.71968,0.77566,-0.27966,0.53198,0.19271,
1403636706,5.74006,-5.37120,-1.73114,0.76967,-0.28320,0.54086,0.18676,
1403636706,5.81402,-5.42797,-1.73402,0.76447,-0.28911,0.54877,0.17565,
1403636706,5.88563,-5.48795,-1.73431,0.76157,-0.28888,0.55354,0.17366,
1403636706,5.98467,-5.57882,-1.74701,0.76696,-0.27646,0.54771,0.18805,
1403636706,6.07712,-5.66550,-1.77453,0.77400,-0.26888,0.53870,0.19604,
1403636707,6.20032,-5.77204,-1.79998,0.77797,-0.26734,0.53281,0.19852,
1403636707,6.33862,-5.87557,-1.80140,0.78255,-0.27158,0.52462,0.19656,
1403636707,6.45165,-5.95331,-1.79276,0.78019,-0.27449,0.52604,0.19811,
1403636707,6.53148,-6.00546,-1.78637,0.77670,-0.27523,0.52960,0.20126,
1403636707,6.65632,-6.08165,-1.77537,0.77561,-0.27887,0.52806,0.20448,
1403636707,6.83402,-6.17826,-1.73546,0.77655,-0.28198,0.52382,0.20752,
1403636708,6.97330,-6.24527,-1.68713,0.77623,-0.28636,0.52344,0.20365,
1403636708,7.06594,-6.28855,-1.66061,0.77528,-0.29297,0.52487,0.19395,
1403636708,7.21237,-6.35946,-1.64357,0.77353,-0.29550,0.52805,0.18839,
1403636708,7.30871,-6.40854,-1.64582,0.77210,-0.29309,0.53146,0.18844,
1403636708,7.39976,-6.45756,-1.65842,0.77190,-0.28825,0.53359,0.19072,
1403636708,7.48985,-6.50672,-1.67836,0.77139,-0.28270,0.53622,0.19365,
1403636708,7.62512,-6.57974,-1.71514,0.76678,-0.28515,0.54441,0.18534,
1403636708,7.70835,-6.62850,-1.74138,0.76181,-0.29191,0.55157,0.17380,
1403636709,7.83221,-6.71335,-1.76732,0.75815,-0.29365,0.55682,0.17009,
1403636709,7.90881,-6.77451,-1.77788,0.75995,-0.28732,0.55430,0.18076,
1403636709,7.98131,-6.83571,-1.79237,0.76169,-0.27858,0.55128,0.19576,
1403636709,8.04923,-6.89282,-1.81229,0.76200,-0.27371,0.54940,0.20641,
1403636709,8.14881,-6.96948,-1.83757,0.75788,-0.27393,0.55175,0.21482,
1403636709,8.24399,-7.03055,-1.84722,0.75569,-0.27550,0.55135,0.22146,
1403636709,8.36476,-7.08824,-1.83952,0.76220,-0.28147,0.54008,0.21941,
1403636710,8.52069,-7.13438,-1.84945,0.76635,-0.28132,0.53403,0.21994,
1403636710,8.66052,-7.15897,-1.87818,0.76837,-0.27886,0.53311,0.21826,
1403636710,8.77168,-7.16737,-1.88937,0.76824,-0.27669,0.53491,0.21705,
1403636710,8.88222,-7.16591,-1.88817,0.76816,-0.27430,0.53708,0.21503,
1403636710,8.99680,-7.15668,-1.89761,0.76831,-0.27138,0.53955,0.21198,
1403636710,9.07588,-7.14591,-1.91414,0.76589,-0.27604,0.54573,0.19848,
1403636710,9.11671,-7.14032,-1.92373,0.76545,-0.27703,0.54861,0.19070,
1403636710,9.15733,-7.13375,-1.93468,0.76596,-0.27674,0.55076,0.18271,
1403636711,9.19845,-7.12724,-1.94749,0.76661,-0.27513,0.55324,0.17475,
1403636711,9.23625,-7.12134,-1.96080,0.76770,-0.27205,0.55527,0.16820,
1403636711,9.27415,-7.11572,-1.97547,0.76867,-0.26814,0.55739,0.16301,
1403636711,9.30976,-7.11064,-1.99121,0.77027,-0.26272,0.55919,0.15802,
1403636711,9.34343,-7.10625,-2.00740,0.77203,-0.25556,0.56103,0.15461,
1403636711,9.37584,-7.10217,-2.02286,0.77400,-0.24763,0.56290,0.15081,
1403636711,9.40673,-7.09852,-2.03665,0.77675,-0.23652,0.56406,0.15021,
1403636711,9.43621,-7.09508,-2.04903,0.78024,-0.22507,0.56426,0.14895,
1403636711,9.46506,-7.09160,-2.06008,0.78364,-0.21394,0.56432,0.14725,
1403636711,9.49329,-7.08813,-2.06938,0.78615,-0.20361,0.56498,0.14597,
1403636711,9.54987,-7.07947,-2.08249,0.79125,-0.18610,0.56420,0.14477,
1403636711,9.60510,-7.06762,-2.09137,0.79323,-0.17420,0.56528,0.14457,
1403636711,9.65892,-7.05174,-2.09872,0.79386,-0.16798,0.56659,0.14336,
1403636711,9.70995,-7.03079,-2.10244,0.79231,-0.16806,0.57006,0.13792,
1403636711,9.75929,-7.00614,-2.09936,0.78457,-0.16912,0.58105,0.13505,
1403636712,9.80396,-6.97758,-2.09350,0.77737,-0.16828,0.59013,0.13832,
1403636712,9.91329,-6.83823,-2.06377,0.78022,-0.17857,0.58376,0.13635,
1403636712,9.92665,-6.78986,-2.04867,0.78267,-0.18771,0.58002,0.12557,
1403636712,9.94085,-6.71845,-2.01761,0.78214,-0.19459,0.58042,0.11616,
1403636712,9.94418,-6.67416,-1.99177,0.78467,-0.18260,0.58001,0.12056,
1403636712,9.94554,-6.62954,-1.96113,0.78721,-0.16447,0.58151,0.12283,
1403636712,9.94472,-6.58110,-1.92751,0.78858,-0.14923,0.58402,0.12164,
1403636713,9.94148,-6.52778,-1.89066,0.78940,-0.13803,0.58665,0.11677,
1403636713,9.93269,-6.47231,-1.85584,0.78682,-0.13111,0.59322,0.10865,
1403636713,9.91894,-6.41472,-1.82697,0.78505,-0.12658,0.59786,0.10120,
1403636713,9.90029,-6.35467,-1.80434,0.78730,-0.12400,0.59620,0.09654,
1403636713,9.86170,-6.26001,-1.77992,0.79235,-0.12106,0.59015,0.09614,
1403636713,9.81165,-6.15992,-1.74988,0.79277,-0.12186,0.59022,0.09116,
1403636713,9.75208,-6.05754,-1.70359,0.79599,-0.12311,0.58592,0.08911,
1403636714,9.66681,-5.92365,-1.61835,0.79808,-0.12801,0.58276,0.08414,
1403636714,9.59651,-5.82596,-1.55509,0.79959,-0.13543,0.57993,0.07743,
1403636714,9.49526,-5.70661,-1.49292,0.80042,-0.14350,0.57749,0.07240,
1403636714,9.38812,-5.60566,-1.45214,0.80160,-0.14070,0.57494,0.08415,
1403636714,9.25011,-5.49879,-1.42924,0.79912,-0.14614,0.57678,0.08589,
1403636714,9.16400,-5.44149,-1.42826,0.80433,-0.14801,0.56914,0.08495,
1403636715,9.10728,-5.40660,-1.43244,0.81007,-0.14417,0.56277,0.07926,
1403636715,9.05192,-5.37445,-1.43799,0.81519,-0.13329,0.55903,0.07195,
1403636715,9.02573,-5.36131,-1.43947,0.81741,-0.12571,0.55815,0.06710,
1403636715,9.00188,-5.34935,-1.43938,0.81954,-0.11627,0.55763,0.06236,
1403636715,8.97940,-5.33759,-1.43801,0.82106,-0.10454,0.55817,0.05818,
1403636715,8.95789,-5.32616,-1.43488,0.82225,-0.09183,0.55906,0.05401,
1403636715,8.93584,-5.31372,-1.42918,0.82360,-0.07946,0.55946,0.04867,
1403636715,8.91413,-5.30101,-1.42091,0.82511,-0.06785,0.55930,0.04220,
1403636715,8.89275,-5.28881,-1.41119,0.82610,-0.05711,0.55941,0.03674,
1403636715,8.83666,-5.25475,-1.37209,0.82876,-0.03225,0.55816,0.02392,
1403636715,8.80459,-5.23285,-1.34435,0.82860,-0.02304,0.55907,0.01804,
1403636715,8.77730,-5.21183,-1.32265,0.82660,-0.01904,0.56234,0.01228,
1403636715,8.75451,-5.19122,-1.30819,0.82246,-0.02085,0.56843,0.00430,
1403636716,8.73265,-5.17176,-1.30176,0.81879,-0.02849,0.57332,-0.00848,
1403636716,8.70233,-5.15044,-1.30270,0.81241,-0.02826,0.58237,-0.00565,
1403636716,8.68096,-5.14126,-1.30455,0.80654,-0.02441,0.59066,0.00404,
1403636716,8.64519,-5.13089,-1.29771,0.79978,-0.02252,0.59974,0.01275,
1403636716,8.55473,-5.11204,-1.26384,0.80675,-0.03119,0.58994,0.01250,
1403636716,8.48717,-5.10220,-1.24330,0.81273,-0.03649,0.58131,0.01448,
1403636717,8.31419,-5.08712,-1.25517,0.81290,-0.02443,0.58177,0.01187,
1403636717,8.26986,-5.08346,-1.27148,0.81341,-0.01214,0.58156,0.00204,
1403636717,8.24738,-5.08276,-1.27896,0.81365,-0.00435,0.58133,-0.00427,
1403636717,8.22430,-5.08070,-1.28394,0.81438,0.00546,0.58021,-0.01041,
1403636717,8.19992,-5.07853,-1.28701,0.81406,0.01515,0.58033,-0.01714,
1403636717,8.17324,-5.07637,-1.28853,0.81423,0.02554,0.57949,-0.02371,
1403636717,8.14831,-5.07445,-1.28785,0.81386,0.03536,0.57921,-0.03004,
1403636717,8.12396,-5.07295,-1.28626,0.81354,0.04412,0.57881,-0.03438,
1403636717,8.07358,-5.06986,-1.27939,0.81280,0.05954,0.57813,-0.03963,
1403636717,8.02233,-5.06738,-1.27127,0.81163,0.07488,0.57824,-0.03584,
1403636718,7.94551,-5.05797,-1.26225,0.81018,0.08730,0.57873,-0.03260,
1403636718,7.84245,-5.02895,-1.27076,0.80977,0.08362,0.57926,-0.04169,
1403636718,7.76042,-4.99617,-1.28751,0.80991,0.09289,0.57775,-0.04037,
1403636718,7.70322,-4.96681,-1.29220,0.80875,0.10412,0.57717,-0.04425,
1403636718,7.67322,-4.94932,-1.29101,0.80793,0.11062,0.57676,-0.04854,
1403636718,7.64333,-4.92999,-1.28788,0.80734,0.11724,0.57580,-0.05395,
1403636718,7.61182,-4.90872,-1.28368,0.80641,0.12296,0.57501,-0.06279,
1403636718,7.58176,-4.88634,-1.27985,0.80589,0.12871,0.57343,-0.07177,
1403636718,7.55055,-4.86329,-1.27679,0.80522,0.13386,0.57211,-0.07997,
1403636718,7.51788,-4.84002,-1.27604,0.80483,0.13853,0.57053,-0.08696,
1403636718,7.48444,-4.81643,-1.27821,0.80457,0.14242,0.56886,-0.09375,
1403636718,7.45223,-4.79282,-1.28205,0.80378,0.14742,0.56767,-0.09981,
1403636718,7.42058,-4.76861,-1.28743,0.80345,0.15242,0.56566,-0.10616,
1403636719,7.35873,-4.71987,-1.30251,0.80130,0.16274,0.56300,-0.12028,
1403636719,7.32895,-4.69612,-1.31196,0.80048,0.16669,0.56143,-0.12741,
1403636719,7.30030,-4.67267,-1.32230,0.80007,0.17007,0.55944,-0.13411,
1403636719,7.27274,-4.64979,-1.33326,0.79995,0.17163,0.55717,-0.14208,
1403636719,7.24621,-4.62782,-1.34569,0.80010,0.17371,0.55469,-0.14829,
1403636719,7.19596,-4.58741,-1.37188,0.79838,0.18144,0.55373,-0.15184,
1403636719,7.12711,-4.53377,-1.40563,0.79416,0.19641,0.55690,-0.14352,
1403636719,7.03824,-4.46382,-1.42261,0.78767,0.20214,0.56451,-0.14160,
1403636719,6.96836,-4.41132,-1.42765,0.78305,0.19814,0.57128,-0.14564,
1403636720,6.84165,-4.33496,-1.46395,0.78323,0.19216,0.57257,-0.14758,
1403636720,6.75734,-4.29797,-1.48781,0.78985,0.18928,0.56497,-0.14536,
1403636720,6.64474,-4.25534,-1.48944,0.79454,0.18383,0.56095,-0.14226,
1403636720,6.51235,-4.21196,-1.49390,0.79765,0.18133,0.55816,-0.13906,
1403636720,6.41858,-4.18356,-1.52019,0.79758,0.18087,0.55798,-0.14077,
1403636721,6.35218,-4.16874,-1.54519,0.79794,0.18151,0.55662,-0.14328,
1403636721,6.24720,-4.15218,-1.55516,0.79764,0.18161,0.55660,-0.14483,
1403636721,6.19373,-4.15154,-1.54795,0.80036,0.17150,0.55832,-0.13523,
1403636721,6.16067,-4.15222,-1.54848,0.80136,0.15979,0.56172,-0.12946,
1403636721,6.13107,-4.15362,-1.55495,0.80227,0.14669,0.56542,-0.12310,
1403636721,6.10117,-4.15661,-1.56463,0.80292,0.13225,0.57003,-0.11356,
1403636721,6.07266,-4.16162,-1.56848,0.80333,0.11980,0.57364,-0.10602,
1403636721,6.04010,-4.16838,-1.56501,0.80404,0.11122,0.57578,-0.09812,
1403636722,6.00819,-4.17616,-1.55725,0.80575,0.10438,0.57585,-0.09095,
1403636722,5.97504,-4.18603,-1.55199,0.80794,0.09658,0.57546,-0.08212,
1403636722,5.94086,-4.19641,-1.55273,0.80898,0.09112,0.57586,-0.07506,
1403636722,5.87103,-4.21711,-1.56994,0.80931,0.08667,0.57683,-0.06913,
1403636722,5.74270,-4.24587,-1.58147,0.80953,0.09353,0.57572,-0.06676,
1403636723,5.60842,-4.26290,-1.58429,0.81053,0.08551,0.57605,-0.06247,
1403636723,5.51179,-4.26874,-1.60326,0.81142,0.08375,0.57582,-0.05489,
1403636723,5.37466,-4.26448,-1.57626,0.81162,0.07838,0.57561,-0.06164,
1403636723,5.28064,-4.25982,-1.57337,0.81065,0.07545,0.57871,-0.04738,
1403636724,5.24828,-4.25545,-1.57021,0.80558,0.06404,0.58742,-0.04329,
1403636724,5.21537,-4.24932,-1.56178,0.80193,0.05347,0.59361,-0.04094,
1403636724,5.17887,-4.24202,-1.55007,0.80726,0.04673,0.58723,-0.03612,
1403636724,5.14060,-4.23393,-1.53947,0.81257,0.04030,0.58045,-0.03424,
1403636724,5.10331,-4.22504,-1.53432,0.81747,0.03506,0.57397,-0.03280,
1403636724,5.05961,-4.21748,-1.53384,0.82215,0.02871,0.56787,-0.02784,
1403636724,5.02159,-4.21174,-1.53707,0.82464,0.01895,0.56503,-0.01900,
1403636724,4.97975,-4.20735,-1.54512,0.82551,0.00474,0.56429,-0.00956,
1403636724,4.95875,-4.20611,-1.54958,0.82478,-0.00239,0.56544,-0.00318,
1403636724,4.94086,-4.20497,-1.55477,0.82349,-0.01011,0.56723,0.00267,
1403636724,4.92303,-4.20344,-1.55857,0.82158,-0.01771,0.56974,0.00882,
1403636725,4.88897,-4.19834,-1.56155,0.81837,-0.02949,0.57364,0.01869,
1403636725,4.85606,-4.19154,-1.55882,0.81630,-0.03793,0.57581,0.02555,
1403636725,4.74362,-4.14937,-1.46961,0.81793,-0.05074,0.57258,0.02361,
1403636725,4.65737,-4.11904,-1.33308,0.81928,-0.04860,0.57101,0.01898,
1403636726,4.51225,-4.08628,-1.25403,0.81757,-0.04300,0.57381,0.02182,
1403636727,4.45178,-4.06891,-1.25784,0.81403,-0.04292,0.57912,0.01169,
1403636727,4.43286,-4.06463,-1.24064,0.81146,-0.05157,0.58212,-0.00281,
1403636727,4.38872,-4.07361,-1.17369,0.81093,-0.03629,0.58393,0.01017,
1403636727,4.31601,-4.10000,-1.05745,0.81239,-0.01917,0.58246,0.01987,
1403636728,4.16150,-4.08025,-0.90713,0.81294,-0.01565,0.58165,0.02391,
1403636728,4.03887,-4.02008,-0.79631,0.81087,-0.01918,0.58454,0.02086,
1403636728,3.94211,-3.95952,-0.75753,0.81067,-0.02747,0.58476,0.01041,
1403636729,3.88215,-3.92192,-0.74939,0.81080,-0.03368,0.58435,-0.00215,
1403636729,3.81838,-3.89060,-0.74357,0.81157,-0.01382,0.58409,0.00075,
1403636729,3.77199,-3.86909,-0.72961,0.81176,0.00292,0.58398,-0.00171,
1403636729,3.72713,-3.84747,-0.71334,0.81024,0.01559,0.58585,-0.00649,
1403636729,3.68529,-3.82657,-0.70095,0.80821,0.02504,0.58825,-0.01109,
1403636729,3.64238,-3.80483,-0.69442,0.80755,0.03144,0.58878,-0.01490,
1403636729,3.57398,-3.76964,-0.69709,0.80949,0.03511,0.58572,-0.02054,
1403636730,3.44716,-3.70617,-0.69891,0.80915,0.03687,0.58597,-0.02365,
1403636730,3.30972,-3.63800,-0.66632,0.81230,0.03537,0.58166,-0.02438,
1403636730,3.19976,-3.58266,-0.65193,0.81701,0.03389,0.57511,-0.02445,
1403636730,3.06599,-3.51052,-0.65779,0.81845,0.03478,0.57296,-0.02533,
1403636730,2.96675,-3.45393,-0.67705,0.82128,0.03473,0.56880,-0.02752,
1403636731,2.92101,-3.42586,-0.68034,0.82582,0.03541,0.56217,-0.02711,
1403636731,2.84545,-3.36793,-0.65931,0.82949,0.03552,0.55670,-0.02772,
1403636731,2.78434,-3.30909,-0.61429,0.82995,0.02905,0.55587,-0.03665,
1403636731,2.74985,-3.26962,-0.59020,0.82250,0.01807,0.56628,-0.05000,
1403636731,2.72711,-3.24304,-0.57735,0.81524,0.01906,0.57694,-0.04656,
1403636732,2.64662,-3.22087,-0.63966,0.81452,0.02800,0.57847,-0.03395,
1403636732,2.57149,-3.25113,-0.75989,0.80993,0.03641,0.58476,-0.02712,
1403636733,2.55277,-3.25688,-0.76655,0.80626,0.04585,0.58962,-0.01404,
1403636733,2.49323,-3.25434,-0.76266,0.79976,0.05071,0.59809,-0.00961,
1403636733,2.41375,-3.23376,-0.74224,0.80025,0.04388,0.59767,-0.02169,
1403636733,2.34407,-3.21267,-0.73770,0.80496,0.04390,0.59125,-0.02327,
1403636733,2.21485,-3.16659,-0.70672,0.80887,0.04647,0.58572,-0.02256,
1403636733,2.13276,-3.13335,-0.67181,0.81296,0.04364,0.57999,-0.02826,
1403636734,2.02545,-3.08349,-0.62135,0.81668,0.04302,0.57469,-0.03016,
1403636734,1.86637,-3.00467,-0.58882,0.81712,0.04677,0.57398,-0.02603,
1403636734,1.73784,-2.92933,-0.58048,0.81214,0.04429,0.58114,-0.02730,
1403636734,1.62919,-2.86671,-0.54933,0.81427,0.04251,0.57797,-0.03326,
1403636735,1.52054,-2.80726,-0.50769,0.81869,0.04360,0.57147,-0.03567,
1403636735,1.39328,-2.73546,-0.48921,0.82037,0.04775,0.56873,-0.03557,
1403636735,1.26417,-2.65094,-0.50253,0.82021,0.04692,0.56880,-0.03898,
1403636736,1.11737,-2.52932,-0.42647,0.81964,0.03637,0.57062,-0.03564,
1403636736,1.00394,-2.42399,-0.33131,0.81799,0.03692,0.57312,-0.03257,
1403636736,0.98105,-2.39953,-0.31350,0.81512,0.04521,0.57617,-0.03955,
1403636736,0.96087,-2.37665,-0.28645,0.81287,0.05548,0.57785,-0.04736,
1403636736,0.94219,-2.35680,-0.25990,0.81166,0.06522,0.57814,-0.05207,
1403636737,0.91173,-2.32632,-0.23249,0.80977,0.07940,0.57910,-0.05103,
1403636737,0.87057,-2.28205,-0.21747,0.80717,0.09096,0.58133,-0.04750,
1403636737,0.80571,-2.20925,-0.21739,0.80724,0.09418,0.58037,-0.05170,
1403636737,0.75966,-2.15511,-0.22710,0.80717,0.09077,0.57982,-0.06364,
1403636737,0.71392,-2.09954,-0.24364,0.80781,0.09115,0.57810,-0.07032,
1403636737,0.66813,-2.04400,-0.26106,0.81122,0.09424,0.57255,-0.07226,
1403636738,0.62194,-1.98803,-0.26308,0.81409,0.09625,0.56792,-0.07394,
1403636738,0.57759,-1.93632,-0.25002,0.81686,0.09195,0.56356,-0.08183,
1403636738,0.48558,-1.84203,-0.11716,0.81652,0.08751,0.56480,-0.08146,
1403636739,0.48129,-1.81095,-0.02179,0.81797,0.08118,0.56478,-0.07321,
1403636739,0.50565,-1.80870,-0.01154,0.82108,0.07085,0.56236,-0.06752,
1403636739,0.51923,-1.80607,-0.01080,0.82230,0.05526,0.56327,-0.05913,
1403636739,0.52926,-1.80648,-0.01457,0.82135,0.04578,0.56598,-0.05431,
1403636739,0.53646,-1.80852,-0.01921,0.82046,0.03495,0.56846,-0.04970,
1403636739,0.54782,-1.81456,-0.03158,0.81849,0.01138,0.57304,-0.03968,
1403636739,0.55279,-1.81737,-0.04027,0.81795,-0.00160,0.57423,-0.03488,
1403636739,0.56207,-1.82600,-0.06158,0.81678,-0.02881,0.57573,-0.02383,
1403636739,0.56618,-1.83249,-0.07252,0.81620,-0.04049,0.57617,-0.01455,
1403636739,0.56964,-1.84042,-0.08455,0.81616,-0.05049,0.57561,-0.00308,
1403636739,0.57606,-1.85972,-0.11065,0.81460,-0.07044,0.57534,0.02119,
1403636739,0.57908,-1.87022,-0.12461,0.81353,-0.07950,0.57505,0.03429,
1403636739,0.58183,-1.88110,-0.13834,0.81257,-0.08802,0.57418,0.04792,
1403636739,0.58592,-1.90282,-0.16144,0.81040,-0.10656,0.57186,0.06985,
1403636740,0.58801,-1.91317,-0.16986,0.80926,-0.11715,0.57039,0.07772,
1403636740,0.59241,-1.93275,-0.17944,0.80563,-0.13661,0.56988,0.08679,
1403636740,0.59714,-1.95154,-0.18282,0.80388,-0.14816,0.56822,0.09459,
1403636740,0.60638,-1.97896,-0.19348,0.80204,-0.16007,0.56734,0.09611,
1403636740,0.62550,-2.04844,-0.25893,0.80309,-0.15049,0.56639,0.10770,
1403636741,0.62880,-2.11755,-0.38892,0.80101,-0.14710,0.57287,0.09252,
1403636741,0.60349,-2.17269,-0.47944,0.80187,-0.13122,0.57286,0.10781,
1403636741,0.59019,-2.18891,-0.53878,0.79739,-0.14054,0.57597,0.11261,
1403636741,0.57351,-2.20077,-0.61317,0.79748,-0.15804,0.57272,0.10511,
1403636741,0.56048,-2.20809,-0.66044,0.80127,-0.16530,0.56559,0.10368,
1403636742,0.54890,-2.21563,-0.70120,0.80685,-0.17202,0.55624,0.09998,
1403636742,0.52510,-2.25538,-0.80114,0.80569,-0.15785,0.55915,0.11533,
1403636742,0.52747,-2.27159,-0.85022,0.81183,-0.15188,0.55191,0.11518,
1403636742,0.53768,-2.28619,-0.89210,0.81493,-0.15445,0.54893,0.10352,
1403636742,0.55508,-2.29767,-0.91462,0.80940,-0.15261,0.55843,0.09870,
1403636743,0.58943,-2.32126,-0.92820,0.80388,-0.14841,0.56775,0.09701,
1403636743,0.63889,-2.36315,-1.04421,0.80759,-0.15710,0.56038,0.09531,
1403636743,0.63954,-2.36810,-1.05894,0.81333,-0.16142,0.55086,0.09488,
1403636743,0.64258,-2.37327,-1.07486,0.81742,-0.16456,0.54376,0.09519,
1403636743,0.64707,-2.37931,-1.09023,0.82184,-0.16665,0.53614,0.09677,
1403636744,0.71461,-2.43509,-1.14284,0.81653,-0.17356,0.54158,0.09921,
1403636744,0.76679,-2.47372,-1.17607,0.80939,-0.16828,0.55232,0.10732,
1403636744,0.80543,-2.50110,-1.20579,0.80397,-0.17042,0.55846,0.11277,
1403636744,0.84396,-2.52765,-1.24209,0.79900,-0.17580,0.56318,0.11630,
1403636744,0.90336,-2.56704,-1.30702,0.79445,-0.18019,0.56655,0.12407,
1403636744,0.94493,-2.59167,-1.35911,0.79183,-0.18697,0.56682,0.12951,
1403636744,1.00276,-2.62471,-1.44673,0.78723,-0.19772,0.56933,0.13050,
1403636745,1.07269,-2.66609,-1.58172,0.78369,-0.21041,0.57211,0.11938,
1403636745,1.14531,-2.73765,-1.80713,0.78054,-0.20440,0.57730,0.12534,
1403636745,1.15689,-2.76274,-1.87530,0.78493,-0.20038,0.57163,0.13029,
1403636745,1.16517,-2.78645,-1.93414,0.78971,-0.19876,0.56583,0.12919,
1403636745,1.17472,-2.81052,-1.98514,0.79532,-0.19665,0.55932,0.12630,
1403636745,1.19838,-2.85848,-2.06872,0.79880,-0.18915,0.55812,0.12101,
1403636745,1.22012,-2.89624,-2.10887,0.79256,-0.18079,0.56913,0.12349,
1403636746,1.24468,-2.93886,-2.13507,0.78789,-0.18435,0.57375,0.12668,
1403636746,1.26051,-2.96301,-2.13245,0.78715,-0.18922,0.57119,0.13538,
1403636746,1.27056,-2.97544,-2.12237,0.78646,-0.19263,0.56915,0.14300,
1403636746,1.28161,-2.98647,-2.10938,0.78639,-0.19457,0.56621,0.15210,
1403636746,1.29540,-2.99242,-2.07826,0.78624,-0.19718,0.56280,0.16185,
1403636746,1.30512,-2.98954,-2.04971,0.78199,-0.19861,0.56729,0.16503,
1403636746,1.31198,-2.98766,-2.03507,0.77692,-0.19803,0.57378,0.16720,
1403636746,1.32150,-2.97427,-2.01013,0.77132,-0.19870,0.58094,0.16760,
1403636747,1.32923,-2.94152,-1.99245,0.78069,-0.20492,0.56947,0.15570,
1403636747,1.33125,-2.92952,-1.99164,0.78721,-0.20717,0.56113,0.15003,
1403636747,1.33316,-2.91628,-1.99159,0.79370,-0.20992,0.55275,0.14294,
1403636747,1.33661,-2.90245,-1.99258,0.79928,-0.21352,0.54534,0.13480,
1403636747,1.34556,-2.87659,-1.99595,0.80351,-0.21850,0.54017,0.12184,
1403636747,1.36535,-2.84817,-2.00003,0.80225,-0.21853,0.54359,0.11469,
1403636747,1.39034,-2.83268,-1.98702,0.79818,-0.20866,0.55105,0.12533,
1403636747,1.41161,-2.82535,-1.96706,0.79461,-0.20239,0.55629,0.13481,
1403636747,1.46467,-2.80797,-1.90398,0.79154,-0.19916,0.55935,0.14466,
1403636748,1.59873,-2.73302,-1.77065,0.79091,-0.21158,0.55487,0.14767,
1403636748,1.62801,-2.71164,-1.72370,0.78618,-0.22225,0.56019,0.13682,
1403636748,1.67517,-2.68743,-1.65978,0.78241,-0.23398,0.56327,0.12579,
1403636748,1.74430,-2.66733,-1.58908,0.78708,-0.22433,0.55645,0.14335,
1403636749,1.80778,-2.65980,-1.52509,0.78651,-0.21785,0.55780,0.15098,
1403636749,1.84467,-2.65441,-1.47683,0.78302,-0.22659,0.56204,0.14017,
1403636749,1.90074,-2.65190,-1.41512,0.77872,-0.23774,0.56453,0.13554,
1403636749,1.93509,-2.67206,-1.37308,0.77569,-0.24281,0.56578,0.13872,
1403636749,1.94276,-2.69573,-1.33731,0.77752,-0.23518,0.56280,0.15300,
1403636750,1.94645,-2.72731,-1.27381,0.78045,-0.22384,0.55907,0.16800,
1403636750,1.95670,-2.74870,-1.22346,0.77637,-0.22115,0.56639,0.16598,
1403636750,1.96288,-2.75918,-1.20210,0.77061,-0.21854,0.57625,0.16230,
1403636750,1.95134,-2.75252,-1.18258,0.77418,-0.21450,0.57517,0.15433,
1403636750,1.92847,-2.73138,-1.14234,0.78140,-0.21190,0.56797,0.14803,
1403636751,1.90153,-2.70429,-1.05927,0.78464,-0.20534,0.56694,0.14407,
1403636751,1.86352,-2.66438,-0.91558,0.78828,-0.19920,0.56437,0.14289,
1403636751,1.79992,-2.56940,-0.67749,0.79774,-0.20095,0.55008,0.14364,
1403636751,1.77805,-2.51485,-0.57785,0.79368,-0.21238,0.55444,0.13251,
1403636752,1.76941,-2.48999,-0.52902,0.78908,-0.21412,0.56171,0.12646,
1403636752,1.75705,-2.45965,-0.46174,0.79102,-0.21184,0.56219,0.11550,
1403636752,1.74268,-2.44089,-0.40356,0.80051,-0.20747,0.55134,0.11029,
1403636752,1.73218,-2.43946,-0.31543,0.80547,-0.19224,0.54721,0.12175,
1403636752,1.73958,-2.44867,-0.29022,0.80107,-0.18638,0.55555,0.12215,
1403636752,1.74967,-2.45652,-0.26367,0.79711,-0.17733,0.56509,0.11767,
1403636752,1.75905,-2.46381,-0.22871,0.79553,-0.16455,0.57274,0.10969,
1403636753,1.76513,-2.46935,-0.18667,0.79837,-0.14844,0.57514,0.09888,
1403636753,1.76867,-2.47287,-0.16762,0.80082,-0.13968,0.57490,0.09311,
1403636753,1.77378,-2.47723,-0.13149,0.80612,-0.12109,0.57351,0.08120,
1403636753,1.77521,-2.47948,-0.11529,0.80764,-0.11196,0.57414,0.07447,
1403636753,1.77606,-2.48146,-0.10009,0.80944,-0.10241,0.57423,0.06766,
1403636753,1.77623,-2.48414,-0.07519,0.81314,-0.08116,0.57363,0.05629,
1403636753,1.77553,-2.48573,-0.05701,0.81472,-0.05694,0.57508,0.04768,
1403636753,1.77442,-2.48498,-0.04654,0.81676,-0.03282,0.57482,0.03743,
1403636753,1.77394,-2.48122,-0.04225,0.81789,-0.00923,0.57477,0.02466,
1403636753,1.77389,-2.47426,-0.04385,0.81823,0.01523,0.57455,0.01242,
1403636753,1.77385,-2.46921,-0.04700,0.81778,0.02856,0.57477,0.00795,
1403636753,1.77361,-2.45601,-0.05599,0.81566,0.04639,0.57663,-0.00579,
1403636754,1.77349,-2.43010,-0.06079,0.81426,0.05627,0.57713,-0.02726,
1403636754,1.77068,-2.41077,-0.05449,0.81287,0.05865,0.57843,-0.03478,
1403636754,1.74234,-2.31202,-0.04854,0.80738,0.05394,0.58661,-0.03338,
1403636754,1.69957,-2.22929,-0.01114,0.80382,0.05225,0.59205,-0.02495,
1403636755,1.66528,-2.17858,0.01344,0.80514,0.06089,0.58925,-0.02889,
1403636755,1.63872,-2.14237,0.02241,0.80558,0.07182,0.58705,-0.03540,
1403636755,1.62385,-2.12485,0.02517,0.80569,0.07775,0.58580,-0.04069,
1403636755,1.59256,-2.08921,0.02734,0.80420,0.09162,0.58502,-0.05113,
1403636755,1.57607,-2.07140,0.02636,0.80366,0.09700,0.58438,-0.05676,
1403636755,1.50089,-1.99206,0.01479,0.80152,0.11407,0.58293,-0.06888,
1403636755,1.45619,-1.94974,0.01171,0.80157,0.11827,0.58151,-0.07313,
1403636755,1.38407,-1.88411,0.01787,0.80581,0.12149,0.57456,-0.07606,
1403636755,1.33585,-1.83997,0.03152,0.81232,0.12293,0.56512,-0.07529,
1403636756,1.22960,-1.72185,0.06554,0.81335,0.12172,0.56430,-0.07213,
1403636756,1.15115,-1.61720,0.07033,0.80979,0.11704,0.57007,-0.07457,
1403636756,1.09192,-1.53466,0.06975,0.80716,0.11513,0.57393,-0.07645,
1403636756,1.01154,-1.41964,0.08681,0.80456,0.11553,0.57753,-0.07615,
1403636756,0.92634,-1.30374,0.11038,0.80333,0.11704,0.57886,-0.07673,
1403636757,0.85724,-1.21733,0.11290,0.80274,0.11792,0.57929,-0.07829,
1403636757,0.78352,-1.13260,0.10893,0.80130,0.11852,0.58088,-0.08034,
1403636757,0.69960,-1.04881,0.11493,0.80048,0.11909,0.58159,-0.08250,
1403636757,0.61243,-0.96861,0.13383,0.80054,0.12012,0.58118,-0.08328,
1403636757,0.52171,-0.88973,0.15052,0.80109,0.11952,0.58022,-0.08553,
1403636757,0.39419,-0.78589,0.15370,0.80178,0.12183,0.57907,-0.08362,
1403636758,0.29310,-0.70633,0.14618,0.80476,0.12744,0.57425,-0.07972,
1403636758,0.22720,-0.65185,0.14671,0.80954,0.13439,0.56562,-0.08157,
1403636758,0.16522,-0.59590,0.15475,0.81561,0.14142,0.55462,-0.08468,
1403636758,0.10747,-0.53555,0.17191,0.81976,0.14695,0.54636,-0.08884,
1403636758,0.05556,-0.47118,0.20025,0.82043,0.14998,0.54366,-0.09404,
1403636758,0.00143,-0.39873,0.23399,0.81404,0.15085,0.55195,-0.09969,
1403636758,-0.02739,-0.35951,0.24867,0.80987,0.15100,0.55754,-0.10231,
1403636758,-0.07473,-0.28805,0.27461,0.80287,0.15025,0.56689,-0.10701,
1403636758,-0.19375,-0.11968,0.30570,0.80264,0.14717,0.56661,-0.11434,
1403636758,-0.22017,-0.08655,0.30382,0.80806,0.14571,0.55881,-0.11637,
1403636759,-0.27069,-0.02051,0.29744,0.82113,0.13984,0.53920,-0.12428,
1403636759,-0.32395,0.06731,0.29142,0.82384,0.13559,0.53514,-0.12856,
1403636759,-0.34776,0.11751,0.28678,0.81415,0.13631,0.55014,-0.12620,
1403636759,-0.36168,0.16249,0.27790,0.80564,0.14056,0.56286,-0.11987,
1403636759,-0.37932,0.22414,0.25809,0.80020,0.14137,0.57055,-0.11903,
1403636759,-0.39088,0.26248,0.24038,0.80039,0.13074,0.56930,-0.13482,
1403636759,-0.41263,0.31944,0.18097,0.79995,0.12789,0.56899,-0.14133,
1403636760,-0.41686,0.32584,0.15078,0.79820,0.13773,0.57224,-0.12822,
1403636760,-0.43292,0.33236,0.09965,0.79655,0.14982,0.57432,-0.11498,
1403636760,-0.46004,0.33224,0.08663,0.79895,0.15116,0.57071,-0.11450,
1403636760,-0.47580,0.33132,0.07932,0.80490,0.15184,0.56238,-0.11319,
1403636760,-0.49166,0.33055,0.06887,0.81008,0.15161,0.55505,-0.11275,
1403636760,-0.51337,0.33073,0.04673,0.80175,0.14844,0.56701,-0.11685,
1403636760,-0.52790,0.32815,0.02467,0.79593,0.15050,0.57517,-0.11418,
1403636761,-0.54066,0.32558,0.00686,0.79958,0.15298,0.56999,-0.11126,
1403636761,-0.55496,0.32328,-0.01032,0.80470,0.15619,0.56259,-0.10750,
1403636761,-0.56850,0.32227,-0.02460,0.80608,0.15934,0.56033,-0.10430,
1403636761,-0.58713,0.32594,-0.04444,0.80018,0.16191,0.56827,-0.10278,
1403636761,-0.60129,0.33132,-0.05880,0.80251,0.16159,0.56480,-0.10419,
1403636761,-0.60855,0.33483,-0.06624,0.80543,0.16078,0.56062,-0.10556,
1403636761,-0.61547,0.33917,-0.07355,0.80925,0.16020,0.55499,-0.10690,
1403636761,-0.62825,0.34971,-0.08928,0.81723,0.16182,0.54294,-0.10569,
1403636761,-0.63326,0.35610,-0.09578,0.81984,0.16144,0.53899,-0.10625,
1403636761,-0.63771,0.37153,-0.10458,0.81894,0.16157,0.54028,-0.10645,
1403636761,-0.63765,0.38023,-0.10678,0.81506,0.16094,0.54612,-0.10736,
1403636761,-0.63644,0.38904,-0.10778,0.81061,0.16052,0.55274,-0.10779,
1403636762,-0.63293,0.40776,-0.10777,0.80315,0.15835,0.56372,-0.10997,
1403636762,-0.62826,0.43619,-0.10465,0.79942,0.14974,0.56924,-0.12029,
1403636762,-0.62617,0.45290,-0.10067,0.80008,0.14275,0.56813,-0.12934,
1403636762,-0.62466,0.46524,-0.09480,0.80078,0.14143,0.56721,-0.13045,
1403636762,-0.62210,0.47457,-0.08289,0.79853,0.15361,0.57130,-0.11123,
1403636762,-0.62541,0.48937,-0.06601,0.80410,0.16743,0.56342,-0.08916,
1403636762,-0.62686,0.49597,-0.06470,0.80898,0.16618,0.55657,-0.09038,
1403636762,-0.62868,0.50326,-0.06554,0.81329,0.16458,0.55041,-0.09232,
1403636762,-0.62927,0.52217,-0.07306,0.81732,0.15728,0.54477,-0.10235,
1403636763,-0.62615,0.54433,-0.08736,0.81403,0.13970,0.54921,-0.12734,
1403636763,-0.62327,0.55416,-0.09770,0.81146,0.13137,0.55218,-0.13918,
1403636763,-0.61472,0.56909,-0.12402,0.80518,0.12846,0.56080,-0.14382,
1403636763,-0.60926,0.57423,-0.13996,0.80318,0.13234,0.56406,-0.13863,
1403636763,-0.60360,0.57819,-0.15806,0.80175,0.13823,0.56652,-0.13096,
1403636763,-0.60722,0.57009,-0.15808,0.77652,0.13264,0.60066,-0.13648,
1403636763,-0.61382,0.56187,-0.16408,0.79368,0.13957,0.57990,-0.11960,
1403636763,-0.61963,0.55224,-0.16694,0.80108,0.12884,0.57313,-0.11486,
1403636763,-0.62513,0.54220,-0.17394,0.80355,0.11396,0.57259,-0.11600,
1403636763,-0.62990,0.53519,-0.17599,0.79813,0.10388,0.58209,-0.11558,
1403636763,-0.63285,0.53169,-0.17343,0.79095,0.09586,0.59343,-0.11425,
1403636763,-0.63480,0.52971,-0.17850,0.79633,0.09252,0.58674,-0.11422,
1403636763,-0.63181,0.52779,-0.18270,0.80144,0.09227,0.57958,-0.11521,
